-9.104539832596954,0.7438598100267281,1.3739620883382098,2.199569593224714,0.07453781464407727,0.08436806815303936,1023,825
-9.048969753738913,0.7390833053313157,1.3641792696380104,2.1824426118925384,0.0704446952527306,0.08513236709310354,1023,828
-8.743521965150109,0.7132229247713328,1.310116877509631,2.0886213099578734,0.04801439684574995,0.08889038528212002,1023,802
-7.732872399917927,0.6290823752059193,1.1304983531476183,1.7793268935163387,-0.024721991668683323,0.10011950823335433,1023,800
-5.519932560003525,0.4483315432989745,0.7364217992937637,1.1049287855300414,-0.1759949923998391,0.12310581876149754,1023,850
-2.2415572199881746,0.18663985698851276,0.15385871479447155,0.11134365553029017,-0.3736888848288347,0.15756505670853532,1023,871
0.8625955573772882,-0.053493858524405205,-0.39087000956989476,-0.8201623221668118,-0.49634534470439456,0.19584101422667902,1023,868
2.1773457852964055,-0.14881002051811723,-0.6053691932798744,-1.1991567315046716,-0.41409326648639605,0.2219070683556193,1023,878
1.3023092896972044,-0.08226475327548889,-0.42412781224043966,-0.9111815362845656,-0.13143085815628713,0.2129358173664267,1023,863
-0.35410495541428805,0.02316399170882719,-0.11344238098046242,-0.39423344108046515,0.18444029274920487,0.15234790740599155,1023,837
-0.9817013402326555,0.032166800941784465,-0.003538507113860852,-0.204984694157174,0.35774499200211957,0.05350119081677281,1023,803
-0.22633961184158513,-0.056442902072186156,-0.14617766796021975,-0.4505114323970376,0.36937076709738614,-0.03542187316520414,1023,760
0.7246448770458961,-0.12602961830911324,-0.31367412187646715,-0.7633347182958812,0.3381505811719162,-0.06787774019093316,1023,733
0.7703079444428983,-0.09595763757738077,-0.3099244802390621,-0.8009030955753703,0.36073071820275426,-0.04442407532757247,1023,757
0.10188099982227179,-0.015293697063604016,-0.1812584252214394,-0.6157269274126559,0.4179324653114115,-0.01251876922351915,1023,864
-0.32534551401390355,0.009033165430633538,-0.10092061451029563,-0.49360826440610545,0.44003153875038686,-0.01983158103757856,1023,961
-0.07368402885427569,-0.05979367689232437,-0.13779198381993574,-0.562460806024392,0.41406964231252336,-0.07265733695647264,1023,966
0.40052056979497036,-0.16151088788713183,-0.20987156206554491,-0.6829364757707346,0.3899833385883633,-0.13333209664860726,1023,856
0.4995774783602234,-0.21995900484596606,-0.22726891356828716,-0.6840049429304358,0.3995577747123895,-0.14840051174833918,1023,735
0.21678158427603214,-0.21701850345847765,-0.20144159929443092,-0.5808828051670453,0.4139540816075395,-0.0884788736704716,1023,676
-0.005065717150143214,-0.18742861913011122,-0.19607928435915425,-0.51652684550346,0.39451967100880614,0.023451528755755922,1023,725
0.08596600336461635,-0.17148285105156477,-0.21786501833832783,-0.559041627330027,0.3533704344408452,0.12824821395908267,1023,817
0.2920144984781727,-0.1876971214287948,-0.1999390811832697,-0.6328246489389565,0.3300725678897286,0.18865693505004924,1023,907
0.3153219352930397,-0.23255387438131764,-0.09467016593083122,-0.639840758190443,0.3198170409535675,0.22265294436155322,1023,965
0.15580128995838094,-0.28460056549066215,0.04575684223876391,-0.5840664337592509,0.26767064500961707,0.2632449570468947,1023,934
0.052544412798254746,-0.3144363954556254,0.1093168109447586,-0.5456384990472499,0.14806552198842812,0.2987322551250696,1023,851
0.1341232578201194,-0.3101641382634002,0.04868666670667387,-0.5658484029651536,0.014065536290042216,0.2816945754772484,1023,692
0.2717418682540157,-0.2942897628065126,-0.05719645798881203,-0.6028518401150281,-0.06353754163800089,0.197517203064728,1023,538
0.274271015095712,-0.3001684666191769,-0.08680218967603184,-0.6000142284462611,-0.08492032522065764,0.09952111057042731,1023,396
0.11615664562597897,-0.32848383077927945,-0.0073236494034692665,-0.559966610282304,-0.11512657481942858,0.06129370975054645,1023,219
-0.07529638143747185,-0.34331487006260564,0.11180082467829806,-0.5311176098034214,-0.21375828194963825,0.06695407671789062,1023,61
-0.19925865807319718,-0.3139752279926772,0.23460455579236572,-0.5418998494403685,-0.4255678864864897,-0.11130753404160453,1023,564
-0.27932265348466645,-0.22893938018617788,0.4984774135410073,-0.5742961982396115,-0.7949231845309825,-0.8583449097412653,1023,1023
-0.3476315611534065,-0.06719138902857093,1.155725070629465,-0.5965992453481697,-1.2367690511337497,-2.2085558230387337,1023,1023
-0.23303031423394963,0.15147933112374629,2.2476951056684666,-0.5985447850999298,-1.3954837768909094,-3.2428066682558474,1023,913
0.39735142455046835,0.23931493612586183,3.282964370378112,-0.5888536007953851,-0.9139953551143715,-2.5980067518421937,1023,521
1.5391562755308772,-0.06496982714360039,3.4092310486686923,-0.5760705932022012,-0.0008982009745654532,-0.2871326020180691,1023,520
2.417908304922914,-0.6945539535656765,2.1548763966549878,-0.5648844528999415,0.5624051346284105,1.486376609839517,1023,492
2.016865874546841,-1.1100661254164772,0.04652126864260163,-0.5628397757817327,0.27048856001125393,0.5080230778142079,1023,751
0.34198154861635344,-0.855221639624852,-1.6862002868960868,-0.5757388654022805,-0.46095724655650816,-2.544249981909955,1023,883
-1.2191315138831478,-0.18524856211033366,-2.191207742004546,-0.5954785399291423,-0.8240297192868147,-4.627354546131387,1023,402
-1.3051916661342164,0.1898217682231706,-1.7785597477306614,-0.6033295914725629,-0.6382815419058152,-3.9726921277694562,1023,239
-0.18040507837570618,0.004759122903632226,-1.5132662106399424,-0.5907971698798561,-0.4468202779444938,-1.9753212125647854,1023,770
0.5839405049544174,-0.2583165862131298,-2.018653514615997,-0.5708185359684823,-0.6104229084135682,-0.9483431928523922,1023,1023
0.014274009774526487,-0.0996641253320962,-2.8548012976790846,-0.5614458981963979,-0.7497943191040054,-1.152591026838591,1023,1023
-1.1806521674495183,0.28243835656710026,-3.167746798818362,-0.5627451681563365,-0.33457031848472224,-1.0555923079668372,1023,1023
-1.6256336950751562,0.3064508784081357,-2.73554976283489,-0.5593404493340915,0.46785048892935993,0.14008167347098133,1023,678
-0.9686967219855334,-0.13402355122224432,-2.118364859118439,-0.5453406839364539,0.9333870537882704,1.4795280287906527,1023,575
-0.12457632652634679,-0.5177602137588854,-1.8758787165593496,-0.5351786143931218,0.7198577160042812,1.7865770307586613,1023,665
0.017763009976936365,-0.43289144652829054,-1.9619246324969528,-0.5432937430706005,0.2894634674135135,1.222587887375672,1023,706
-0.3857771558756807,-0.11711034212219176,-1.9695017584075865,-0.5616084848366163,0.2699183362347229,0.8551755761956035,1023,750
-0.5709796763034255,-0.0741642902304442,-1.7164838738441892,-0.568585085989194,0.6714650399439581,1.205230740378757,1023,739
-0.23725324218461,-0.37802209860366914,-1.387701735484894,-0.5581072611972352,0.9739551099559195,1.786089974613765,1023,611
0.18634220059144857,-0.6256639548282182,-1.2019371887578645,-0.5467855168248574,0.8509788849953507,1.9362008380299496,1023,530
0.23113554967835095,-0.5128778045471903,-1.1453470393162946,-0.5494354596412488,0.5275434645491889,1.6218639570203326,1023,610
-0.022940572962219734,-0.2037199910387317,-1.0638258692041638,-0.559433617266342,0.399096641495998,1.285559415937894,1023,719
-0.15919417928359564,-0.06196229164217484,-0.8905737353914865,-0.5629378170968184,0.5269133882854311,1.1927558501324156,1023,827
0.002603329335061939,-0.18244840540174345,-0.6978025325881108,-0.5634226473651768,0.6534298189687584,1.1906021726864138,1023,993
0.24815935623021002,-0.32606151451142856,-0.5668198996904502,-0.575550439080908,0.6024124113838188,1.047527566619821,1023,1023
0.3156496279908439,-0.2664331641311317,-0.4879865188829907,-0.5955760345580562,0.4808320802397442,0.7951813275844039,1023,1023
0.21156261846843577,-0.0641900922951655,-0.40278094751187377,-0.596905583966775,0.4746250338426164,0.6412279521458948,1023,1023
0.13234214123324067,0.046873730603258994,-0.2938447855688625,-0.5651241161816477,0.5890115295766423,0.663703925733937,1023,1023
0.18548333435672973,-0.036360541818014604,-0.19592011239799165,-0.5241707674760281,0.6812365549777508,0.724714640708776,1023,1023
0.2867498127538762,-0.18747349908799257,-0.13657023152850753,-0.511902212459172,0.6809356738690088,0.6716707287133786,1023,1023
0.3065390512925311,-0.2407842135520376,-0.10264053645595392,-0.5341317597927543,0.663549584790142,0.525919285567441,1023,969
0.23061839731192277,-0.18769411154356777,-0.06453372803992098,-0.5582370951060401,0.7025783628886473,0.4350224962914469,1023,833
0.147531919690159,-0.13996637394879619,-0.004631513960254841,-0.554548123420441,0.7464878042114553,0.4826073866987948,1023,778
0.12561382843154084,-0.15797352333057438,0.08245160439141871,-0.5311183118803248,0.696589211770257,0.5910963476433476,1023,603
0.14762067186169966,-0.18946921903783467,0.19044461012168457,-0.5191045184161781,0.5536213128534978,0.6153445234038231,1023,379
0.1535076527420669,-0.16639395740879828,0.2902322105029867,-0.5317237435958292,0.4172158198790311,0.5067811951541061,1023,424
0.10577133981304629,-0.09626567720149909,0.32407507159365184,-0.5507771255390764,0.34611859283236973,0.3398130230862197,1023,790
-0.002450305768124451,-0.03962583034114088,0.19468063462507573,-0.5538493223502108,0.2646736003683117,0.1294027232726692,1023,1023
-0.1719300561296027,-0.03348332403001849,-0.21804811768972557,-0.5423197653847951,0.03913139436627663,-0.32061770341795276,1023,1023
-0.3733236981909806,-0.05032807596949515,-0.8924485457302895,-0.535889992745025,-0.3128626559616869,-1.1522030320473096,1023,600
-0.48248568638995676,-0.017735873446978502,-1.4815216437749021,-0.5473600103909807,-0.4944184677733826,-1.8828008569303252,1023,415
-0.32780974589514356,0.10932513497653547,-1.5719515506016695,-0.5710252455638313,-0.1651727546346123,-1.4410688364260007,1023,210
0.08307105972040814,0.284038462149786,-1.2775831259081338,-0.5914969422388534,0.5739445292242318,0.6354342756281018,1023,707
0.43859288712367944,0.40586383628210776,-1.1689191624813768,-0.5959488075074554,1.101542229940432,3.0590913322715476,1023,447
0.41592731977691283,0.4255101447022448,-1.3431585889253594,-0.5802788080945533,0.9027801840517015,3.6025144834398644,1023,97
0.10577235707243038,0.36487471643115604,-1.1153529919010345,-0.5520811044264806,0.1728808880290706,1.506307676429964,1023,24
-0.07184378556934097,0.24942026354653127,-0.10986200092399331,-0.5288295642467262,-0.41535186382388317,-1.3745248132393895,1023,18
0.07863827075469867,0.10160669487739726,0.8867542568991871,-0.5258035548373019,-0.4723037153448708,-2.4168139180211714,1023,346
0.29594657004603836,-0.005954944835550347,0.8343389538212279,-0.5410310292601264,-0.221245194077205,-1.05310798592192,1023,987
0.2785148431114676,0.0114709340619042,-0.12902362754551194,-0.5554018561526103,-0.09846854804592955,0.8068077601913579,1023,1023
0.10034058264796492,0.1358936216503108,-0.847343136266775,-0.5522476818724578,-0.22732555780362998,1.1550127210172783,1023,1023
0.04084928068469812,0.24402019844952685,-0.6369844609207808,-0.5355872602381349,-0.3793855895340475,0.050295131713930366,1023,619
0.16021602815369257,0.24904245566506714,-0.010147831679727692,-0.525059751813788,-0.3462684886386849,-0.8920209084668834,1023,597
0.2555622087949659,0.18869813122223428,0.1872957246086739,-0.5334034317352967,-0.19896313692493398,-0.6472457915491621,1023,900
0.18927741481361546,0.14635603225138058,-0.13863955329577685,-0.5531503298323331,-0.16459212932348288,0.22154807736115376,1023,1023
0.07020973495450596,0.14195233709369043,-0.40896534452376393,-0.566044379526415,-0.35136885677349455,0.614378236388749,1023,1023
0.06890450902389898,0.14410971141226567,-0.25444414385914477,-0.561294559516738,-0.6624753210345568,0.2996865664497928,1023,996
0.18370917777543716,0.14843953790837294,0.0754408859071843,-0.5429195713530882,-0.9406510695682491,-0.05251045585614077,1023,1022
0.27566384238968694,0.18513650645130564,0.16566724203889024,-0.5237532910418788,-1.127176437660512,0.08427668163911209,1023,1023
0.2692636322150132,0.255789055232635,-0.01856173298211466,-0.5161213026900819,-1.2657956104260903,0.47535446055739766,1023,1001
0.2237807724466584,0.3109401099264047,-0.18264204813751278,-0.5246841413437149,-1.3971732722533923,0.5825844690327677,1023,937
0.21850699204433136,0.3082451801976623,-0.13504190400152136,-0.5422148344858967,-1.5010180510893978,0.30334198219234987,1023,956
0.24931394117781427,0.2670096626908651,0.016962447701608433,-0.553292732461746,-1.5465861580217417,0.025322600328499117,1023,998
0.26510042449089655,0.2413538221159411,0.07644733663207118,-0.5479757771314049,-1.556568075256545,0.06421341129267492,1023,942
0.25396188530578895,0.2514135218039506,0.012870555553728315,-0.5325423536437125,-1.58390525866353,0.2878650701531415,1023,837
0.24822262171763387,0.2693234650212337,-0.04855289080422144,-0.5226339675433355,-1.6363493436288943,0.3468155901811481,1023,807
0.26167947320490786,0.2735622693717116,-0.017100593937553015,-0.5257350522885395,-1.6546675519189256,0.12447512559579454,1023,798
0.2632279854262515,0.28359209785003664,0.0654098303811873,-0.5340497046011803,-1.5712670154035193,-0.16015268879776567,1023,758
0.2211798349704346,0.32095199617423437,0.10446738532940726,-0.5342415934331368,-1.378631350867508,-0.24607584943038507,1023,714
0.14888687513194931,0.36135391250325577,0.06661083747012281,-0.5210594309327757,-1.136781804283449,-0.11063499312499804,1023,751
0.08905072546475211,0.35679782658147235,-0.006134935614324671,-0.5024680465562563,-0.9164248378437722,0.06484486017692695,1023,845
0.06576115261734833,0.29712350245001046,-0.05674602292314569,-0.49393135184053266,-0.736891924854659,0.12951535858933694,1023,872
0.07235367941259067,0.22459643135597263,-0.06064556026027577,-0.5051003682682077,-0.5636094897833708,0.09672968487896796,1023,748
0.09951604378102907,0.1879307508039821,-0.03294762485211538,-0.5288496123123501,-0.3624217239712204,0.06714392140810227,1023,687
0.14753915343662105,0.19613072240460122,-0.013634803785046378,-0.5459660596367497,-0.13987832193284727,0.0896041308851242,1023,721
0.20438588888328932,0.21568896510446153,-0.03753254742388135,-0.5436680248045254,0.07508222731714971,0.12611412135811192,1023,789
0.23746407982026144,0.20434564616282844,-0.10065952767723899,-0.5271146463993969,0.26964130589691443,0.11740157271523136,1023,824
0.22462026100703317,0.15060431995577597,-0.15687754410026486,-0.5110780373315758,0.4511202172974041,0.04647121148537042,1023,850
0.18017605893247723,0.08450430853230252,-0.15655766543928976,-0.5046425350900339,0.6237024549785158,-0.049965912468206836,1023,878
0.1387001856964149,0.04498145074508991,-0.09073476410156904,-0.5069706665437166,0.7808867934087825,-0.10815263496677155,1023,858
0.12360389240341585,0.03636325674805878,0.0008467636464971034,-0.5133412585505581,0.9210379482180566,-0.08779424634542171,1023,761
0.13645692555991823,0.02768497120115043,0.0625347480741646,-0.5200484506958721,1.0536648510407134,-0.019804613084703427,1023,609
0.16181870484401278,-0.0019478414857590127,0.06867431625754586,-0.5251916312271867,1.1822487523501082,0.00974452849358799,1023,483
0.17565931249944355,-0.033383902979686,0.04364717370374079,-0.5287412995896614,1.2916408914486053,-0.04887334949007231,1023,504
0.16283856520542325,-0.036341366376919454,0.03403855161512659,-0.5311650680732386,1.363755577870351,-0.14395036621459717,1023,620
0.134964213457838,-0.01583750757802759,0.05803726413301422,-0.5301170107124786,1.4000721401694372,-0.1811929959689797,1023,682
0.12240331171939438,-0.0076362191346812484,0.0878597560727189,-0.5209915671540747,1.4173726383575513,-0.14497888363596326,1023,736
0.14164199531066116,-0.030837400558001257,0.08631623320739744,-0.5039072879747738,1.4248440492222147,-0.12304188749511395,1023,797
0.1765227079045205,-0.06834225522027512,0.05467926978749821,-0.4881790826819967,1.4168741300223107,-0.19294980281670884,1023,824
0.19870694160739508,-0.09650113693623132,0.03473362455883029,-0.4852641967997439,1.3866999428499318,-0.31344680320209134,1023,843
0.20130957954028048,-0.11034810159291582,0.05969391760776563,-0.496143756699263,1.3378739574214944,-0.3667050345007574,1023,882
0.2001049679463486,-0.11372037199579901,0.10927571660233285,-0.5088270135798341,1.2850847511260222,-0.3044395421263173,1023,890
0.20214649606491952,-0.11052404331493562,0.12567703366730568,-0.5112092979847134,1.2489639477909815,-0.21014724105037402,1023,851
0.1916093097429795,-0.11839417791380011,0.07817703224140402,-0.5051792970199962,1.2383215625303254,-0.19478050798923335,1023,773
0.15833211719239776,-0.1642255483185595,-0.00016393961489169872,-0.5040725680917485,1.2262150837789951,-0.26160877029173024,1023,765
0.12568212031857465,-0.24165054928235966,-0.05145137604667178,-0.5147939496596977,1.1598169578660005,-0.3121692314096859,1023,815
0.128058872580423,-0.2916951419156322,-0.058911624432877854,-0.5267469599318911,1.017697034256221,-0.27413169933077697,1023,817
0.16241692099881178,-0.2601660489443032,-0.05466314240150362,-0.5242639642728233,0.848688761771893,-0.1825652991872929,1023,784
0.18449372518360058,-0.17241796416269503,-0.06442293280763028,-0.5088898706845207,0.7245710666191052,-0.12696043318013497,1023,769
0.16326367227363164,-0.11771539728638283,-0.07203881258408132,-0.500399027661067,0.6534437931883537,-0.14812855701289482,1023,804
0.12232901741725949,-0.14630475605245172,-0.05298809626779637,-0.5108747861933008,0.5705531437629967,-0.20514200136491498,1023,856
0.1104707230273281,-0.20727778352604967,-0.020714198997610143,-0.5258565494235465,0.4245329173190309,-0.2271829370328692,1023,858
0.1407832608090844,-0.21153036295823077,-0.01358687043159059,-0.5213968035355621,0.24347317661069712,-0.17875465633441032,1023,779
0.17733987836236167,-0.14216330152441226,-0.042826431142938284,-0.4963280371772288,0.09460141080261819,-0.07988267948699357,1023,763
0.1798115137738981,-0.07297842364080213,-0.07744102843600266,-0.4753689047044344,-0.0031453759399413745,0.020332197702338555,1023,828
0.14681985734508293,-0.07614266654656136,-0.08596671136292532,-0.4779384943916499,-0.10091647166031759,0.08369188636193708,1023,823
0.11120089252571047,-0.1385544138747644,-0.07658529150214774,-0.49460457342687775,-0.2576691035522625,0.10360684909326122,1023,783
0.09793070810864513,-0.18474104397892863,-0.08076181018660623,-0.5012018258531705,-0.4748017400171507,0.10065536224889579,1023,802
0.09538107767656252,-0.16719136488589575,-0.10260129521766004,-0.48888381975143375,-0.6986919244764648,0.11038604461708049,1023,806
0.07811673926335347,-0.11482539827883906,-0.10779368003333076,-0.47082578977818457,-0.8805469058916494,0.1672342898708976,1023,783
0.05327694750865434,-0.09334367631149286,-0.07395409450500544,-0.4626372295523041,-1.0267870587017554,0.27283156764198635,1023,836
0.06042166175431774,-0.12957498674883478,-0.030006010891521245,-0.4662858449922247,-1.1872309310159899,0.3727715007840856,1023,870
0.11661910965870975,-0.1812197098210435,-0.021013553652903364,-0.4742776879525429,-1.3928370374600203,0.3946329236837937,1023,852
0.18565046640839986,-0.18156889298857232,-0.04533379359585821,-0.4815017929815655,-1.6101472693380334,0.332065851593642,1023,889
0.22022456472674828,-0.11175182940542935,-0.053556026083738564,-0.48869109008559214,-1.7653843532402393,0.271825345921546,1023,966
0.2189269984982947,-0.02414941098819331,-0.009390414630490156,-0.4977498008200756,-1.8150600441964417,0.30789724578473293,1023,984
0.21950729367118837,0.009014609602791383,0.06788910884047836,-0.5076611585017704,-1.787788454578048,0.43249161381482837,1023,896
0.24094575392134537,-0.030092084911323595,0.12586280903676733,-0.5149617075878257,-1.7546344321557674,0.5373481363614852,1023,804
0.25453522922597255,-0.08341749416469052,0.13414650670811143,-0.5162665543192946,-1.7612870941094059,0.5316173020808416,1023,812
0.2230533084146286,-0.07171069668782903,0.11505092865178017,-0.5100049162911142,-1.7892588685100659,0.44287137114225805,1023,826
0.1551488613949373,0.02704930390859414,0.12368615897243389,-0.49839221889132695,-1.7767107803418425,0.3888148940043009,1023,751
0.09848208790213245,0.15602082102161505,0.19485795326720765,-0.48939858894445026,-1.6718966558003847,0.45848431152709396,1023,555
0.07680059802683384,0.24123939456258386,0.29312272208765244,-0.4922736815303596,-1.474501587998343,0.6219393276621306,1023,368
0.05160344805679105,0.27263990887041867,0.30041877046354987,-0.5055750297811425,-1.238544917906063,0.7144680243075302,1023,335
-0.04521631457125465,0.31143120011561687,0.09275261670391519,-0.5135408041253571,-1.0220748551216983,0.500747688626171,1023,701
-0.22362291359784736,0.4019237222773006,-0.28971272790936164,-0.5034632237776978,-0.8055480528103728,-0.12784811967349818,1023,984
-0.33676272634220633,0.47027815725528466,-0.6088528533068743,-0.48535888577789593,-0.49991234039411026,-0.9383892545603646,1023,942
-0.12027334802928949,0.3459316917141894,-0.7769367719172123,-0.48320876848167027,-0.11997152427340839,-1.491787939476803,1023,388
0.4814028560614205,-0.03813187178151934,-1.1521071271284138,-0.5039323165455404,0.13104959441996966,-1.6026371533305832,1023,546
1.0144310562943697,-0.45655642097761817,-1.9959336891244663,-0.5255419837157825,0.16356447937607752,-1.4458248398699902,1023,1010
0.8668213180428564,-0.5387537485898715,-2.6091232614175177,-0.5226862450519454,0.3163928633816904,-1.1214324423141495,1023,1023
0.08666755692207746,-0.206040489011072,-1.8128979439397304,-0.49729548862977246,1.0009520662184785,-0.5134688461401881,1023,1023
-0.4951638377919809,0.16224037772876868,0.31015931782555584,-0.47605063097601075,1.9958524811201754,0.22264228407270648,1023,1023
-0.2480578997471928,0.15748076801643437,1.9648026471634952,-0.47905518410876163,2.522535304941483,0.50596058040434,1023,812
0.4397525642817628,-0.14945603316141354,1.6494509117099985,-0.49713820404535003,2.1937431041509696,0.034905202749382386,1023,347
0.6844622357229265,-0.313436711293924,0.06056593953881727,-0.5035212416426478,1.537863390193169,-0.6746333184615311,1023,338
0.25514984374802446,-0.09721137739173565,-0.8104411827417661,-0.4865215515598153,1.3512291335366895,-0.8474648581041899,1023,500
-0.21681124134287674,0.24677856600868706,-0.16592321891802692,-0.4644385154947096,1.7731727891313829,-0.3875976670926935,1023,557
-0.147612412082607,0.33009814591314385,0.8611681409687811,-0.4630080214159653,2.2575067249868344,0.07797533230663713,1023,549
0.28075454538613565,0.10915956677552084,0.9378002072632297,-0.48319826440225333,2.3256853431204423,0.041076695443279375,1023,570
0.47653268135273197,-0.11426696937207692,0.1764935453056986,-0.5008091187028967,2.0708363404914607,-0.31388473499429714,1023,683
0.24377866907507445,-0.10256483493717208,-0.3192206187317978,-0.4966268769592471,1.898096833493257,-0.45980997455605194,1023,820
-0.04924790350153562,0.05863659325739012,-0.0158002124760297,-0.47697141749014615,1.987879452348451,-0.2152007075281983,1023,938
-0.030986961558778954,0.1330468081421024,0.5402229135140308,-0.46215803294954877,2.159804617765454,0.11288383963295377,1023,985
0.2177799624110635,0.04661944603032373,0.6456777259448668,-0.46255423452484873,2.18072535435434,0.18449592530983014,1023,862
0.35298126990735956,-0.06038414675078077,0.3293812454863277,-0.471298917355249,2.0440834505571366,0.01691901102910192,1023,662
0.23659687035804208,-0.04704378704584958,0.13044494359597245,-0.4771436617650711,1.9079500727222471,-0.12442273020014395,1023,501
0.058509620638835316,0.061359581604261054,0.31142058837882175,-0.47793037081484485,1.854618022623458,-0.08634027005007748,1023,461
0.04103148399964891,0.13843323373702454,0.6054256207572499,-0.47908343710480716,1.800117760096882,0.03408627479525169,1023,554
0.1698127228762169,0.12149692038036301,0.6690132141049167,-0.48294734238327947,1.625648767872884,0.07361246516692943,1023,681
0.2628807412899681,0.06202536342354629,0.5116890935020034,-0.48562657216536337,1.325277144188667,0.014363744367202825,1023,714
0.22217975859472042,0.037873915591030975,0.3905134235108693,-0.48463043383716364,0.9934308061009792,-0.03232886562919693,1023,714
0.13146837718306278,0.06580937302149298,0.44026702568867493,-0.48378968125442384,0.7037431457684273,0.00260192801605931,1023,745
0.1167011562643739,0.10602102703859437,0.5553150734564227,-0.48743404676137814,0.44348193889910065,0.06250757730716461,1023,803
0.18490641595659107,0.11844990347119355,0.5905256125343648,-0.4937388213409375,0.1621339827027297,0.056974769414440955,1023,887
0.23918285245277046,0.0961111577959091,0.5433063685990496,-0.4975624866801407,-0.1536190653992299,-0.014394798782544363,1023,976
0.2140215109990701,0.05999979695566118,0.5033932154392317,-0.4968357127080551,-0.47249452754517485,-0.06480447016143236,1023,1001
0.1439766367842912,0.040056691607864736,0.5067745350584852,-0.4926838617003981,-0.767103294869463,-0.031988717162933306,1023,931
0.10363695513452172,0.054682585601143405,0.5071398764591888,-0.4864847864441312,-1.0410416154854507,0.045597560251857655,1023,852
0.12092189514271394,0.09383667301801793,0.4677181373171574,-0.4807426942302094,-1.3025260776035834,0.07664802905960205,1023,825
0.1629688074585219,0.12442929524830663,0.4223031820203358,-0.4795870649100104,-1.532616708441992,0.02804108935104327,1023,858
0.18506715105240787,0.1239552714645967,0.4291321484254547,-0.4836452529630981,-1.7000011666745432,-0.0327523841977762,1023,912
0.17591976463963338,0.10627582605114805,0.49247263098281396,-0.4868094860494141,-1.802415066764886,-0.014791055642069905,1023,931
0.1590294377508283,0.10365780769563106,0.5552075372776507,-0.48257409513402716,-1.8748244630893145,0.08971451249930681,1023,939
0.1598917077911104,0.12889466681061648,0.5644624650902101,-0.4717100444867749,-1.9519282250586794,0.19644803499627636,1023,887
0.17861253431116464,0.16911154797979905,0.5242635890979215,-0.4603494944546957,-2.033323045122519,0.22632990234118708,1023,769
0.19831065512909993,0.21077045932228053,0.4776959669795302,-0.4534475601435263,-2.091159620049287,0.18560094933820384,1023,671
0.21369043986209366,0.25118178716594575,0.4545539311868591,-0.4532169093614898,-2.1044332096713108,0.13376682749623459,1023,689
0.23486736535132657,0.28552695266368583,0.4516496357019895,-0.45930548068833693,-2.07719618641001,0.09904144568045276,1023,734
0.25954874368786346,0.3020339751288356,0.45406998823308403,-0.4660087994824583,-2.0260707561906868,0.06328116519785608,1023,785
0.2620114603132336,0.2968606321966801,0.45463535246529224,-0.46460803012042934,-1.9616248508917153,0.02128418973467208,1023,866
0.22599310160596087,0.2816107586223592,0.45102606390490124,-0.45483021650759087,-1.887902276726076,0.008486957870090078,1023,974
0.1752716780655439,0.27008258679215524,0.4409915716317666,-0.4492900329283461,-1.8126907558878893,0.05609863944512871,1023,1023
0.15122522570233576,0.2667579930903549,0.4284478916093647,-0.45853860056540036,-1.7471717456969587,0.15403591874866848,1023,1001
0.16586559320570501,0.27407521546600205,0.4244111684028563,-0.4750678216811638,-1.692016208507329,0.27800718144871683,1023,979
0.19572347715838492,0.3020254684039778,0.435835311331921,-0.48181840570312134,-1.624898024103788,0.4211674421750191,1023,1002
0.21640964010942662,0.3591088131946915,0.46235656472288483,-0.47550569840238743,-1.5022516106118986,0.5677535405139487,1023,1023
0.2158251731080872,0.434371356589784,0.5055840905192763,-0.4704983817756487,-1.279208927874936,0.6629912407468466,1023,956
0.1639636327112003,0.4980034740877588,0.5642360947919027,-0.4767668334061611,-0.9441504736875397,0.6643298569736338,1023,348
0.00019003549824577961,0.5238592850481828,0.6228682021692532,-0.48479712395479596,-0.5486864629161736,0.6250722349543264,1023,112
-0.2878798334404014,0.5044858293270037,0.6896435911317572,-0.48047860231961814,-0.1918121756168512,0.6728107496068556,1023,405
-0.5264260014161471,0.4393116899701197,0.8432342377337411,-0.4676425869277459,0.06462730971988737,0.8751504742274907,1023,997
-0.3730086239295143,0.32280410077117394,1.131456303691198,-0.46299644470484835,0.2736302824123505,1.1502143997311254,1023,587
0.3230367058332788,0.17056259118870615,1.3781133357052955,-0.46928443573138034,0.5436190914899065,1.3221730345609723,1023,129
1.1280180782555065,0.05457870569020905,1.2727934207084384,-0.46828653094564227,0.8746629150412214,1.240876335362379,1023,511
1.2789789689312365,0.06233394644004077,0.8017119700907427,-0.44841714058832305,1.1167055114437303,0.8514376964070701,1023,1023
0.5594304698685144,0.18480627708119007,0.4019868718907023,-0.42733030265752947,1.1364166019468909,0.22224552991924207,1023,719
-0.3117728634395113,0.28880801674348966,0.4555814080104145,-0.43210608055646116,0.9776598490750383,-0.423841033533428,1023,312
-0.4738562962731248,0.2603241901776951,0.7771776984372701,-0.4614186148836058,0.8203611421980327,-0.7647210122493009,1023,436
0.05867365963839918,0.1463715179391969,0.8747778020169112,-0.4840561652251702,0.8141281788004239,-0.6238410355094346,1023,915
0.5131303665200714,0.08878414697067268,0.6212492237535441,-0.4780136081030759,0.9665089855768394,-0.2048213808724235,1023,1023
0.3932822645102345,0.13876482873393864,0.3704076691704392,-0.4567885901520469,1.1630311227448784,0.052393035587698575,1023,813
0.00689055404926748,0.21143490203552756,0.41662357331469574,-0.44925105723981423,1.2810987931783346,-0.06856794266708763,1023,583
-0.09232627082367696,0.22178848421566916,0.6246063187970379,-0.4644790668362422,1.28904801350279,-0.34591720973790807,1023,632
0.15968986693924095,0.19175984412735872,0.6966718821414166,-0.4868313490923924,1.240298564980029,-0.4367867717685003,1023,928
0.37496035474621187,0.19434613793982758,0.5993266545111816,-0.4976972350854475,1.199681185282864,-0.2919990876067112,1023,1023
0.29936438302132845,0.2408874329835839,0.5450892678781725,-0.49001519644484354,1.207399019415891,-0.1398483302252552,1023,1023
0.09379318245631689,0.2704013782999637,0.6403969244055709,-0.46666386415678157,1.2907300603560692,-0.1420832929200105,1023,877
0.039343804660566147,0.2396061124783304,0.7427238412654523,-0.4382754418642149,1.4517434532817877,-0.2225029997369753,1023,759
0.1668171860770684,0.18376807560505368,0.6906435805741518,-0.4214703276427326,1.6345691688865376,-0.23693831040906657,1023,792
0.27709154768472766,0.1709541497642569,0.5365501026977337,-0.4264963204203673,1.7514742076767664,-0.17814035554644408,1023,841
0.23208782583149357,0.21522545575464866,0.46424922256474044,-0.44442724042245796,1.7643168330977732,-0.1439214955341619,1023,764
0.1057270185339699,0.2636616275399177,0.5401452881375042,-0.4557875839484899,1.7159643754896945,-0.17580315459916124,1023,671
0.05220755750609909,0.2695827954458006,0.6428508030985893,-0.4534426327398749,1.6693555352800853,-0.21739321492812624,1023,654
0.11211816140040703,0.2495762772853257,0.6362643187343376,-0.44851034056767186,1.640875107815222,-0.21658265274243313,1023,741
0.1936702201506556,0.2506899962250236,0.5361405441133024,-0.45184989714100887,1.6082161320319075,-0.19503850663003594,1023,874
0.2082239318862694,0.27978546185038855,0.4682788899471942,-0.4588909553863833,1.560342714534511,-0.19751343531150595,1023,988
0.16713404260695242,0.2928223425177041,0.5016880322443806,-0.45808049812426005,1.5145045552928202,-0.21976958616326298,1023,969
0.137855847519521,0.2555596413478439,0.5752025962596367,-0.4477735767344765,1.4887184347407443,-0.2201019725645602,1023,866
0.14797976196007473,0.19333229563425489,0.5881065427615106,-0.4372098115422902,1.4752880208422343,-0.18259567421484968,1023,774
0.16654795786032028,0.16401886835884447,0.5217291184923233,-0.43338213964985345,1.446259496929031,-0.13896767797186274,1023,720
0.16353268506237,0.18798554099086892,0.4481316214269474,-0.43431846371457067,1.3789507227696214,-0.12895436098148497,1023,722
0.14977535889457763,0.22503268400357382,0.437578452966805,-0.4354745879670881,1.2740216469246923,-0.1569822369067366,1023,795
0.1511846595674841,0.22694238255476312,0.48619515495732524,-0.43596213479941814,1.1511943998002274,-0.19189982465341873,1023,839
0.16953324767505368,0.1940793429007627,0.5364368321066767,-0.4354817456735234,1.0259481083595408,-0.20025931466786112,1023,817
0.18592428380609657,0.16446058073398548,0.546383174174562,-0.42969581687648833,0.8857670862040992,-0.175686540203581,1023,782
0.1896174400428276,0.16163784958904215,0.5229253681673295,-0.4138914232570734,0.6930728043534385,-0.13900291171964613,1023,790
0.1838809066081475,0.17736040937353345,0.4949022554938023,-0.39171617067966585,0.4255416136147481,-0.11256564264971776,1023,782
0.1688572461299602,0.2019229902440412,0.47411741122206313,-0.377252505622905,0.11906888819963417,-0.09657532913321366,1023,706
0.14118267758576303,0.24577606200448673,0.45192705287814666,-0.3847356167144812,-0.14351634996220183,-0.07348204148085047,1023,644
0.11425780290280584,0.31788531663417585,0.4233394398626436,-0.4139231835477098,-0.3015475964381826,-0.03426384365276733,1023,668
0.11633777025252098,0.3950291072315574,0.399777620500334,-0.4463334649794442,-0.37149825663651936,0.008059967023105246,1023,771
0.15467882372073255,0.43312496454565363,0.39764692490571957,-0.4589206149485087,-0.42565891322986404,0.03663784484989289,1023,884
0.19682368583107482,0.4159524553016991,0.4216738016158311,-0.44410591113183046,-0.521884886188258,0.055227508154341264,1023,895
0.20450406061271717,0.3815704891110789,0.4591907425791633,-0.4174173321970608,-0.662217286552876,0.08260617119293116,1023,817
0.17856745670766977,0.38745512055846076,0.48783331722992807,-0.4048811841314638,-0.8122416361238817,0.12411125498194409,1023,769
0.1553505309560674,0.4505511576838988,0.49372331626980615,-0.42023592330881615,-0.9432559012766917,0.1622675670598099,1023,726
0.161949378602498,0.5314517600551215,0.48597918157707665,-0.4516255281343165,-1.049423973485915,0.18057056652408826,1023,713
0.18843445993333954,0.5788362458873909,0.48804386471328326,-0.471352542322937,-1.1352596040441152,0.18632568824950094,1023,753
0.20516627181572325,0.5801764809826638,0.5119371057755446,-0.4616906424139174,-1.2021869982351232,0.20083040186250659,1023,791
0.19631019229247,0.5650157788326923,0.5473030678393873,-0.4314654630947646,-1.252149746617191,0.2301168495355942,1023,813
0.1710101407387412,0.5680576821711709,0.5772921109062942,-0.4060303703126795,-1.2954648529049848,0.2543368080916069,1023,842
0.14974149430051792,0.5980551329747911,0.5960101665856657,-0.40279022163115585,-1.3441179034451656,0.25060519615528776,1023,868
0.14827429975891038,0.6379545607146051,0.606776358866669,-0.41891372791309106,-1.3970768892307919,0.22199429016209193,1023,840
0.1697221615495821,0.6655016570068407,0.6140724325214573,-0.4396210452158878,-1.4400700808382019,0.19461872322730345,1023,808
0.20079520988384938,0.6730720740041148,0.6254723321995345,-0.45208548026596923,-1.4615752890300067,0.18460399421724705,1023,770
0.21728043099924238,0.6722182844815348,0.6526758791875027,-0.45115482175220833,-1.4622718689474883,0.18005586063410087,1023,730
0.20541377127646385,0.6796018677731617,0.6977492045640941,-0.43876999340415684,-1.447378083559445,0.16427096373806005,1023,738
0.1798510519924582,0.6985807512329918,0.7406739788205611,-0.4229126606851354,-1.4179441926904546,0.14497702572395404,1023,758
0.16917456227004735,0.7169963704834627,0.7539525894709389,-0.41402021450076404,-1.3731475236798132,0.14426203631904502,1023,788
0.1793417973569555,0.7211614563034761,0.7351614383890112,-0.41666665201068204,-1.3137542942081002,0.164720440409503,1023,809
0.18329484039966226,0.7071888888038566,0.716644235765477,-0.4241699600125801,-1.238969405569717,0.18300111324837187,1023,837
0.15663529599379097,0.6804628908382796,0.7331315596635241,-0.4247793494456739,-1.1464346928785123,0.17788765055272004,1023,878
0.11512509072066414,0.6507911354569583,0.7814884389784353,-0.4143322984657445,-1.0405783015577874,0.15120912312031842,1023,853
0.1015287331877733,0.62968431368132,0.8224149092508923,-0.40101904200593097,-0.9349444496207376,0.11854683587970277,1023,799
0.13427929260563112,0.6274816936137573,0.8254829818770754,-0.3968322779176939,-0.8385473563444727,0.09173774493304017,1023,747
0.18181987000075103,0.6478597816761978,0.8039879751849452,-0.4051412360219898,-0.7424837225559925,0.07707857687870891,1023,739
0.19674983821107137,0.6831625541635125,0.7966039778536709,-0.4170288802479384,-0.6269403790838619,0.0812549194080195,1023,770
0.17083856908862935,0.7162281180360195,0.8197870280049692,-0.41974785878838927,-0.48087125140902576,0.10566689156820235,1023,714
0.14323933796942317,0.7305041642501848,0.8525101339368734,-0.40909056801080634,-0.31074252357558585,0.13322178429727083,1023,674
0.14910913606644963,0.7237340539585099,0.869933882580561,-0.3932492480243963,-0.13262722201031518,0.13259613814996668,1023,702
0.17434059772485994,0.7131090562896246,0.8745271368511093,-0.38398484190624343,0.03928830075924312,0.08782101596882878,1023,749
0.17766874480823494,0.7199098847179332,0.8810443971612123,-0.3850312521969169,0.1980746909213887,0.021637648409774855,1023,803
0.14943045697755597,0.7431757869712895,0.8852646659610575,-0.3905186039056911,0.34147581040268404,-0.023650188582428053,1023,835
0.12558985718244112,0.7557868612045927,0.8702903721726081,-0.3932901131352663,0.46290713902064423,-0.03309120741241222,1023,859
0.13933374830507156,0.7370346914465067,0.8393357102945096,-0.3924452224911659,0.5463125147211835,-0.035278039737493896,1023,839
0.17580239088528996,0.7042702844029047,0.8171935163892283,-0.39388491059613023,0.5777153329266033,-0.0630543765503127,1023,789
0.18806547853515307,0.6976751998608997,0.8132683394413833,-0.40533027791820425,0.5657669776627474,-0.10937518836164564,1023,779
0.15535938815850478,0.7307225033909046,0.8051804622643117,-0.42792495436094236,0.5438605851643264,-0.13889073181027856,1023,790
0.11270452085099733,0.7687164542046222,0.7733311013078916,-0.4491875180311734,0.5438258344215895,-0.13904249054076212,1023,796
0.11099347140188982,0.7674580380215162,0.7355667289420498,-0.44832304710265874,0.569890736349347,-0.1376968177400834,1023,804
0.15172818474555222,0.7270151254795064,0.726009935190903,-0.41670102719342283,0.6056627879404257,-0.16110936446936722,1023,813
0.18176134417032924,0.692047900449534,0.7452322137826078,-0.37354923466261164,0.6439973972797476,-0.19243689112478163,1023,792
0.16174656710321803,0.6974351307537898,0.7548149725095618,-0.3528771012284396,0.6989903529084409,-0.1931900692471619,1023,772
0.1188630863357337,0.7291502281025857,0.7274431353239937,-0.3694827541325235,0.7858909970225529,-0.16041255740538518,1023,809
0.10964119013237936,0.746818820471551,0.6844089366518334,-0.40272016933915944,0.8976840769177762,-0.1371366258202337,1023,828
0.1437307662520951,0.731977610927582,0.6688738566422775,-0.42010461743082667,1.0060811119320923,-0.15716669074083037,1023,806
0.17558073066960678,0.7014670303708751,0.6895117676708815,-0.41364858990879844,1.0812127052377731,-0.20041355352412982,1023,781
0.17220586360652598,0.6806917732664801,0.7077208194982871,-0.4046484547915404,1.1083193377005314,-0.22134723052251795,1023,785
0.15603636477921232,0.6782027986081449,0.6847844701782316,-0.41299130760976316,1.0910302087428803,-0.2085853146395537,1023,797
0.16399009437611997,0.6867043083045404,0.6287338671309721,-0.43178720433331247,1.0444459184783326,-0.19279219836978487,1023,798
0.1902021661401807,0.6973003330033254,0.5824229944061032,-0.4380622244621393,0.9848222779133128,-0.19882643460925445,1023,788
0.19795874346456419,0.7061737609669491,0.5708982399258684,-0.4223048552489762,0.922237798358449,-0.21393481233787026,1023,781
0.17673180343145822,0.7106423240720969,0.5759481696200153,-0.39942413007968813,0.8606934490617554,-0.21083799548032978,1023,801
0.15722199771326598,0.7039882254135765,0.5649725365202117,-0.391382704623582,0.8035654139296998,-0.18498163925967911,1023,828
0.1676151110901422,0.6777738243838553,0.5304941935612048,-0.40382231847543115,0.756386294355871,-0.1559431232159968,1023,812
0.19772989327462906,0.63252877427612,0.491482120454791,-0.4202066167778704,0.7223935109686458,-0.14119588320483212,1023,771
0.21651435904865265,0.5856841981548727,0.46493549445769566,-0.41770996184417114,0.6958553472820959,-0.14178261672693696,1023,766
0.21138197624680272,0.5618923541186062,0.45027967744962877,-0.3904981058565752,0.6624940716320173,-0.15002145142832102,1023,770
0.19621829425975332,0.5692397284031582,0.4408978348649554,-0.35854105241422546,0.6099492166475139,-0.15753927378873833,1023,775
0.1855483288924914,0.5876604802179012,0.43750347912650456,-0.35104521522155446,0.5389317409653959,-0.15313069870129753,1023,799
0.17798741290106496,0.5875724845844427,0.4421874155073787,-0.37834552319497294,0.46162325982406693,-0.12523884219758144,1023,782
0.1709883099609508,0.5600823604919067,0.4459809496077929,-0.4201023446353635,0.3877218160623387,-0.07689989790484546,1023,766
0.17618497507945868,0.522881121583852,0.43390653918732874,-0.4426213691414394,0.3148890825191822,-0.03271376166580958,1023,781
0.20370917942541045,0.49582787240725407,0.40409893682167997,-0.4286692205933855,0.23458564743183094,-0.018839311489621865,1023,787
0.23802917541910973,0.4790499473566725,0.3738531574764784,-0.39154186129247914,0.14339370709914742,-0.03504581112919363,1023,774
0.2480168874863716,0.4601562039160646,0.3626471925741706,-0.36212665593751625,0.04501798997565153,-0.05553192637950667,1023,776
0.22291477347856575,0.4359384390963129,0.37400682734622875,-0.3622506142749311,-0.05556439782514263,-0.058994668361832675,1023,788
0.18483393778371737,0.41738697918691237,0.3960273483835636,-0.3868476498739302,-0.15504248490798467,-0.04838331747150928,1023,813
0.16301216125219803,0.41438312895085583,0.4130384124710961,-0.4092975698558112,-0.2518375776409256,-0.03802221590479554,1023,814
0.1669914827461889,0.4236860043418295,0.4137779955033604,-0.406471898976602,-0.3501651157991185,-0.033295726876488255,1023,780
0.1861927115881173,0.43484315270209856,0.39594649532228743,-0.3814115751293634,-0.46238067300689617,-0.03148721655160435,1023,769
0.2024110815329388,0.4433007034136762,0.36944316148387674,-0.35953423720923583,-0.5987079371910168,-0.03326340180854571,1023,755
0.20013624398712898,0.45397160153844346,0.3516062575205203,-0.36028415969661165,-0.7537489425562733,-0.04238120472604543,1023,748
0.1793620910921753,0.4730708830100488,0.35323975812577973,-0.37618968417828236,-0.9103210572078505,-0.058217902199383435,1023,784
0.16337116848057992,0.4988675455160525,0.36868973282649947,-0.3845721567865516,-1.0571052524096591,-0.07586466849901909,1023,797
0.179503461893878,0.5221506541121012,0.38087158510644953,-0.3761855736723956,-1.1950014293775293,-0.09011149320318286,1023,792
0.22463360350707254,0.5373062490561442,0.374939467985628,-0.36365429847767616,-1.3249411821591883,-0.09522187918385634,1023,734
0.2614110637447939,0.5516921762967562,0.34757440322254324,-0.3620229828503216,-1.4384350494061016,-0.08715119299682692,1023,676
0.256927327394825,0.579302699714264,0.3085603032321653,-0.3715206747803874,-1.5265074322478116,-0.07252224633194089,1023,698
0.21681427000122744,0.6234930338423258,0.27700188846917007,-0.3832439063209411,-1.5928413061393296,-0.0692743453728432,1023,780
0.17442302395063486,0.6708263668549911,0.2696727701370195,-0.3913679146552201,-1.649367370457772,-0.08767634695829271,1023,826
0.15322424198302956,0.705569773868472,0.2849589351021944,-0.3925460002148917,-1.699797791776364,-0.11122010928927617,1023,818
0.14767199643508042,0.7266448182605415,0.3021628692240967,-0.3827151537797137,-1.7368908926246518,-0.10658383941496932,1023,767
0.13936174523241454,0.7461116398462238,0.3045969506239837,-0.36512762119795306,-1.75819175433972,-0.05828758678119605,1023,764
0.12498732616341744,0.7731148638946652,0.298460163855956,-0.3552881508618977,-1.7736971893079103,0.010652281877159383,1023,768
0.12139132915424852,0.8033690258066805,0.30057820099942945,-0.3658122110020788,-1.7899224624583943,0.059858474663876685,1023,744
0.14114035456280727,0.824359152535063,0.3152293796168084,-0.38818776375358877,-1.7945650428383115,0.07506615866594786,1023,785
0.17161328895229216,0.8294918149682344,0.33506828167414093,-0.3998927967548852,-1.7700125715690336,0.08326799852165127,1023,841
0.18841313701341095,0.8282101101120684,0.35752685805085943,-0.39055091433489525,-1.7205493434535368,0.11774510051332619,1023,816
0.18504828236767362,0.8416365613261964,0.38487630527222,-0.37322355064627377,-1.6713426403842784,0.17652220669665702,1023,748
0.17623824457007004,0.8830949295218863,0.41231497580931886,-0.367033899007955,-1.6321779043807283,0.2317848901796246,1023,685
0.1722898063597163,0.9410744310598246,0.43121057899098997,-0.37394450600953255,-1.5722038688831708,0.2762025310031521,1023,708
0.16242482048186946,0.9879086989686942,0.43989966947243003,-0.3780026739778769,-1.4465726528215768,0.3314826043095945,1023,845
0.11846370639438757,1.0089708578600927,0.43766332772030786,-0.3671975786858055,-1.2505458907954776,0.39730557199195743,1023,874
-0.008861770321754543,1.0178317021991417,0.4262357275750111,-0.35095000008548605,-1.0350635291613797,0.42579940728407856,1023,336
-0.27336163511029943,1.0394792905905803,0.4460410059884698,-0.35077047566056563,-0.8514262465793796,0.38954607848978007,1023,578
-0.6033158481356756,1.0770196888879295,0.5596403677479677,-0.373472386458538,-0.6691662735251219,0.33452951284591687,1023,953
-0.6554365279162567,1.0839269920733072,0.6955545584814641,-0.3991000106075152,-0.37180904699275047,0.26970423479753425,1023,380
-0.03621386683346276,0.9744322934019167,0.570875428132964,-0.4005612901277329,0.11105274924737094,0.057471532518207406,1023,83
1.0785467746435018,0.7066256315091181,0.025306206116761456,-0.37388934449059574,0.6684924794487895,-0.38017990107555044,1023,206
1.760120934816394,0.38087176851856375,-0.5270435066345229,-0.34317054694236204,1.090166171383511,-0.7650739320118869,1023,879
1.2304523300655585,0.20239516336833083,-0.35489881658324507,-0.3340221041873695,1.311040086036567,-0.6922546515392518,1023,1023
-0.08119058824714892,0.28468072589955756,0.6404331425332962,-0.34775720775084495,1.4778944535813743,-0.2341360008182295,1023,1023
-0.878525594233206,0.5117586678372051,1.572473121442596,-0.3651209165226518,1.7242733887328865,0.0368125576783112,1023,1023
-0.4998726805910027,0.6483268639727437,1.5443545943765913,-0.3704360550186649,1.978288297330581,-0.20749837379772018,1023,1023
0.36762196063691166,0.578165546684066,0.7496580378183724,-0.3663303150054491,2.0722752710358416,-0.6066398294719999,1023,1023
0.6665928971581244,0.39394150347524437,0.17945776533057173,-0.36662680499961803,1.9824440753189336,-0.636434432820841,1023,1023
0.2509974430270228,0.2595208014749581,0.3547625257755986,-0.37956252902897447,1.8755416656507653,-0.3189812177665952,1023,814
-0.15621742910001765,0.23529240408158356,0.8088251028080302,-0.39831195710525436,1.9211204010168772,-0.12355273296581501,1023,542
-0.034642364906020594,0.26485304567610435,0.8709600396302846,-0.4067612708154415,2.107370880660033,-0.29499696288448246,1023,463
0.35135530928336983,0.2921601122731337,0.5387461225165928,-0.3963867788513191,2.2688423591688918,-0.5763425407695145,1023,599
0.45817018913188196,0.3232833669275557,0.3295859498564194,-0.37793946574029935,2.28228083709939,-0.6060213421713636,1023,771
0.19265197576281778,0.36369509197686833,0.5112249150614839,-0.37194402841854296,2.199852036575204,-0.36172290827800563,1023,832
-0.06856909328839436,0.363753419080043,0.8061983155194601,-0.38489470395719033,2.1734579717449862,-0.11254756022597581,1023,844
-0.027889276684281355,0.2812387392446663,0.8394476682124301,-0.3999498580373751,2.275563213393374,-0.06171855353369411,1023,818
0.20182751309859767,0.16586715605541574,0.618328421982017,-0.39683554990099695,2.428417520250157,-0.16166605059434247,1023,792
0.3208879609924297,0.12151851174989332,0.44773440098698475,-0.3772204565091849,2.5016505460387486,-0.24159106816416132,1023,802
0.2275425787056022,0.18574918449139102,0.5044136233748845,-0.36213612607212914,2.4462863829190957,-0.21045683713712673,1023,802
0.08193580842087424,0.2882017708716726,0.6591904899503058,-0.3649174053893685,2.320903284229835,-0.11119032057330552,1023,799
0.057426865426602296,0.3347712158576032,0.7031765533002412,-0.37632545798854505,2.2027919864383296,-0.0348804342194336,1023,769
0.14246655849226503,0.303917111523931,0.6128194018315931,-0.38006803439485976,2.0975799998155513,-0.027417995194449218,1023,727
0.2053922550251666,0.2490884304777371,0.5299810283109133,-0.37411649997159013,1.9493655982550975,-0.069106115118087,1023,734
0.17952101457919847,0.2258969045019796,0.5520486815114177,-0.36875007835407625,1.7267703498592863,-0.11397536876814744,1023,729
0.12423978797960532,0.23667049391127723,0.6275763121417904,-0.36889685987697973,1.4665223228164836,-0.1356355535359851,1023,619
0.12223284769990762,0.24706326874906287,0.6517087484649907,-0.3682023704647208,1.218518505154738,-0.14115684703770232,1023,601
0.1719194433040607,0.24068118053442628,0.5980034909118644,-0.36005647761628645,0.9714107294500287,-0.1531714709756561,1023,849
0.2030798817396853,0.23738734001061418,0.5275360438211643,-0.34690416709666605,0.65945831375291,-0.18611105701135308,1023,986
0.17544847215133255,0.2564026320668475,0.501074049499013,-0.3369887855648081,0.24162947160788334,-0.23040732911641174,1023,773
0.13018736418840215,0.28569936278502955,0.5178102435686399,-0.33637187052077244,-0.2398579608286766,-0.24174887432185574,1023,649
0.13419422976786133,0.30604967260073607,0.5323259522811558,-0.3450706799598621,-0.6811572665035743,-0.15812489271970623,1023,600
0.19131183794218823,0.32551832493538024,0.5043633860081225,-0.3573417116256867,-0.9938599963893952,0.024442768335719338,1023,608
0.23435596172787987,0.3596057513716512,0.43418490422445144,-0.36459120512128107,-1.1680364883893122,0.18397611564302166,1023,757
0.20763962239534225,0.38773485851432005,0.37241489069939676,-0.36074319425002843,-1.2712192777826816,0.15212631269760168,1023,901
0.1347064126824105,0.36786552531948663,0.3874769698139908,-0.3471405300656299,-1.3908294084382267,-0.08360047888690136,1023,956
0.08948970591735887,0.29948319331572204,0.4903691359033384,-0.33279359476620884,-1.5723604696320725,-0.31313647522505395,1023,943
0.1110365306982891,0.23970486658426127,0.5961973419000378,-0.3286228414616397,-1.8021742667684675,-0.3172125424153958,1023,901
0.1636769123395317,0.24309895563656506,0.6003641610894145,-0.3382508987834575,-2.0391669256821934,-0.11704986805510971,1023,778
0.18495684679496713,0.3041889707786002,0.4972109510813699,-0.35295725417511425,-2.251151161747657,0.07035378010608787,1023,569
0.1623173462818394,0.3664631863996598,0.38543941930934744,-0.3587808897904957,-2.4159211429379903,0.11085371997350747,1023,486
0.1458021441371636,0.3721313504801153,0.3478511111399708,-0.35124359012253625,-2.511368488230798,0.08885343283689259,1023,543
0.17887415699083736,0.3019909460467461,0.3643975253630383,-0.3406799656827359,-2.540612376803215,0.1383289182219544,1023,646
0.23521781002655154,0.1888710860060541,0.36433283947650846,-0.34025723702053895,-2.5606353175288277,0.23388071245213088,1023,800
0.24890160522870594,0.10192922683552906,0.33022873378964185,-0.35064331979732516,-2.642290103278879,0.2355733190765255,1023,964
0.2019902032873848,0.10145875551960405,0.3092514058479978,-0.359646017211203,-2.7873610242578115,0.1004744774228843,1023,1023
0.15060540201746164,0.19133635374375996,0.3302871902410844,-0.35656945173173754,-2.9132808429263815,-0.05137931924201831,1023,1023
