0,-19.071396949396945,-22.505261049942927,-0.08407626145332836,-0.2175786463166545,-9.104539832596952,0.7438598100267281,1.3739620883382098,2.1995695932247137,0.07453781464407727,0.08436806815303936,1023,825,0,7.0,0
0,-18.957992814563642,-22.371525598999842,-0.0836379691004577,-0.2175786463166545,-9.048969753738913,0.7390833053313157,1.3641792696380104,2.1824426118925384,0.0704446952527306,0.08513236709310354,1023,828,0,7.0,0
0,-18.334998113855924,-21.636746646153952,-0.08123043160811036,-0.2175786463166545,-8.743521965150109,0.7132229247713328,1.310116877509631,2.088621309957873,0.04801439684574995,0.08889038528212002,1023,802,0,7.0,0
0,-16.274476788421573,-19.206117495331718,-0.0732683560299641,-0.2175786463166545,-7.732872399917928,0.6290823752059193,1.1304983531476185,1.7793268935163389,-0.024721991668683326,0.10011950823335433,1023,800,0,7.0,0
0,-11.763599176930244,-13.883828660843436,-0.055838420333386284,-0.2175786463166545,-5.519932560003525,0.4483315432989745,0.7364217992937637,1.1049287855300414,-0.1759949923998391,0.12310581876149755,1023,850,0,7.0,0
0,-5.080632023263352,-5.996035543070242,-0.03001168641257305,-0.2175786463166545,-2.2415572199881746,0.1866398569885128,0.15385871479447155,0.11134365553029016,-0.3736888848288347,0.15756505670853532,1023,871,0,7.0,0
0,1.2494134538393966,1.4800341940020587,-0.00552883550881307,-0.2175786463166545,0.8625955573772882,-0.053493858524405205,-0.3908700095698948,-0.8201623221668118,-0.4963453447043946,0.19584101422667904,1023,868,0,7.0,0
0,3.93353597248457,4.657253990679578,0.0049088061804743,-0.2175786463166545,2.177345785296405,-0.14881002051811726,-0.6053691932798744,-1.1991567315046716,-0.4140932664863961,0.2219070683556193,1023,878,0,7.0,0
0,2.152002442294383,2.5625134635026314,-0.0018692075603638839,-0.2175786463166545,1.3023092896972044,-0.08226475327548889,-0.4241278122404397,-0.9111815362845656,-0.13143085815628713,0.2129358173664267,1023,863,0,7.0,0
0,-1.2217244958714668,-1.4163201039060886,-0.014826671811188968,-0.2175786463166545,-0.35410495541428805,0.02316399170882719,-0.11344238098046243,-0.3942334410804652,0.18444029274920487,0.15234790740599155,1023,837,0,7.0,0
0,-2.4868962918616253,-2.9041595886424285,-0.019792728237478026,-0.2175786463166545,-0.9817013402326557,0.032166800941784465,-0.0035385071138608524,-0.20498469415717396,0.3577449920021196,0.05350119081677281,1023,803,0,7.0,0
0,-0.9232892182622436,-1.0403960228638032,-0.01415484569486567,-0.2175786463166545,-0.22633961184158516,-0.05644290207218616,-0.14617766796021975,-0.4505114323970376,0.3693707670973861,-0.035421873165204135,1023,760,0,7.0,0
0,1.0214816238442013,1.2773529206506185,-0.007599434250497125,-0.2175786463166545,0.7246448770458961,-0.12602961830911324,-0.31367412187646715,-0.7633347182958812,0.3381505811719162,-0.06787774019093316,1023,733,0,7.0,0
0,1.082201434028684,1.3423085018089216,-0.009097801871619628,-0.2175786463166545,0.7703079444428983,-0.09595763757738077,-0.3099244802390621,-0.8009030955753703,0.3607307182027543,-0.04442407532757247,1023,757,0,7.0,0
0,-0.3289301025106278,-0.3830635767756814,-0.0169001965940777,-0.2175786463166545,0.1018809998222718,-0.015293697063604016,-0.1812584252214394,-0.6157269274126559,0.4179324653114115,-0.01251876922351915,1023,864,0,7.0,0
0,-1.2264844986902241,-1.5325414820749377,-0.022415960087890242,-0.2175786463166545,-0.32534551401390355,0.009033165430633537,-0.10092061451029563,-0.4936082644061055,0.4400315387503869,-0.01983158103757856,1023,961,0,7.0,0
0,-0.7221814637340891,-0.9995633116840588,-0.02092118130855473,-0.2175786463166545,-0.07368402885427569,-0.05979367689232438,-0.13779198381993574,-0.5624608060243921,0.41406964231252336,-0.07265733695647264,1023,966,0,7.0,0
0,0.21983493647383345,0.11604199355591928,-0.015783289617916817,-0.2175786463166545,0.4005205697949704,-0.16151088788713186,-0.2098715620655449,-0.6829364757707346,0.3899833385883633,-0.13333209664860726,1023,856,0,7.0,0
0,0.3820760642588331,0.3613104778606909,-0.013146465139288094,-0.2175786463166545,0.4995774783602234,-0.2199590048459661,-0.2272689135682872,-0.6840049429304358,0.3995577747123895,-0.14840051174833918,1023,735,0,7.0,0
0,-0.21361536724405647,-0.2833128651847392,-0.01509538880842145,-0.2175786463166545,0.2167815842760321,-0.21701850345847765,-0.20144159929443087,-0.5808828051670453,0.4139540816075395,-0.0884788736704716,1023,676,0,7.0,0
0,-0.6594028172503137,-0.7746562245299179,-0.018730122866340487,-0.2175786463166545,-0.005065717150143214,-0.1874286191301112,-0.19607928435915425,-0.5165268455034601,0.3945196710088061,0.02345152875575592,1023,725,0,7.0,0
0,-0.4706027742829211,-0.5395677205947003,-0.0203999236839401,-0.2175786463166545,0.08596600336461635,-0.17148285105156474,-0.21786501833832786,-0.559041627330027,0.3533704344408452,0.12824821395908267,1023,817,0,7.0,0
0,-0.04685609338759097,-0.04138977914933222,-0.019420258443776192,-0.2175786463166545,0.2920144984781727,-0.1876971214287948,-0.1999390811832697,-0.6328246489389565,0.3300725678897286,0.18865693505004924,1023,907,0,7.0,0
0,0.04206852053154657,0.04798217569553189,-0.017803531373347763,-0.2175786463166545,0.3153219352930397,-0.23255387438131764,-0.09467016593083122,-0.639840758190443,0.3198170409535675,0.2226529443615532,1023,965,0,7.0,0
0,-0.2168116221437453,-0.2842802509358716,-0.017441027362943617,-0.2175786463166545,0.15580128995838094,-0.2846005654906621,0.04575684223876391,-0.5840664337592509,0.2676706450096171,0.2632449570468947,1023,934,0,7.0,0
0,-0.4131984236069482,-0.5399032830999981,-0.018265908007165325,-0.2175786463166545,0.052544412798254746,-0.3144363954556254,0.1093168109447586,-0.5456384990472499,0.14806552198842812,0.2987322551250696,1023,851,0,7.0,0
0,-0.31982749780033864,-0.4361321951352736,-0.018970296986484902,-0.2175786463166545,0.1341232578201194,-0.3101641382634002,0.04868666670667387,-0.5658484029651536,0.014065536290042216,0.2816945754772484,1023,692,0,7.0,0
0,-0.11932428299924047,-0.1900126398000554,-0.018798951491043638,-0.2175786463166545,0.2717418682540157,-0.2942897628065126,-0.057196457988812024,-0.6028518401150281,-0.06353754163800089,0.197517203064728,1023,538,0,7.0,0
0,-0.07907953713893398,-0.13245651451977275,-0.018171790808990274,-0.2175786463166545,0.274271015095712,-0.3001684666191769,-0.08680218967603184,-0.6000142284462611,-0.08492032522065764,0.09952111057042733,1023,396,0,7.0,0
0,-0.20887881459190288,-0.2916370110633357,-0.017684378278140886,-0.21757540631709704,0.11615664562597895,-0.32848383077927945,-0.007323649403469266,-0.559966610282304,-0.11512657481942858,0.06129370975054645,1023,219,0,7.0,0
0,-0.3173005116680297,-0.4867088620302238,-0.016807792937038272,-0.2175112789450553,-0.07529638143747185,-0.34331487006260564,0.11180082467829806,-0.5311176098034214,-0.21375828194963825,0.06695407671789062,1023,61,0,7.0,0
0,-0.2960040757505614,-0.7551074205155092,-0.013165901357867368,-0.21702328664766574,-0.1992586580731972,-0.3139752279926772,0.2346045557923657,-0.5418998494403685,-0.4255678864864897,-0.11130753404160453,1023,564,0,7.0,0
0,-0.2232868135512608,-1.4812122388465592,-0.0020691153972503314,-0.2149945897303617,-0.27932265348466645,-0.2289393801861779,0.4984774135410073,-0.5742961982396115,-0.7949231845309825,-0.8583449097412653,1023,1023,0,7.0,0
0,-0.1931117101946714,-2.8611337979673346,0.02188979906338538,-0.20982195671562706,-0.3476315611534065,-0.06719138902857093,1.155725070629465,-0.5965992453481697,-1.2367690511337497,-2.2085558230387337,1023,1023,0,7.0,0
0,-0.15945384335369972,-4.251446049750949,0.05680311694315756,-0.20169135481762498,-0.23303031423394965,0.15147933112374629,2.247695105668466,-0.5985447850999298,-1.3954837768909094,-3.2428066682558474,1023,913,0,7.0,0
0,-0.04420386931406897,-4.517288245048172,0.08362726571851313,-0.1952598542810334,0.3973514245504684,0.23931493612586185,3.2829643703781115,-0.5888536007953851,-0.9139953551143716,-2.5980067518421937,1023,521,0,7.0,0
0,0.05429591319592153,-3.3623759075081288,0.07388832473794021,-0.1975533968644268,1.5391562755308772,-0.06496982714360039,3.4092310486686923,-0.5760705932022012,-0.0008982009745654533,-0.2871326020180691,1023,520,0,7.0,0
0,-0.07848873402466458,-1.8373453017407373,0.02095160322218226,-0.21003675699128052,2.417908304922914,-0.6945539535656765,2.154876396654988,-0.5648844528999415,0.5624051346284105,1.4863766098395168,1023,492,0,7.0,0
0,-0.4479718300445097,-0.9678195447831408,-0.039770547956643684,-0.22401478462213287,2.016865874546841,-1.1100661254164772,0.04652126864260163,-0.5628397757817327,0.27048856001125393,0.5080230778142079,1023,751,0,7.0,0
0,-0.7288096796208909,-0.375826656467346,-0.05925022597403265,-0.2281205959093012,0.34198154861635344,-0.8552216396248521,-1.6862002868960868,-0.5757388654022805,-0.4609572465565082,-2.5442499819099553,1023,883,0,7.0,0
0,-0.6088051785358622,0.8850695422735032,-0.028019227879229787,-0.220896364478645,-1.2191315138831478,-0.18524856211033366,-2.1912077420045457,-0.5954785399291423,-0.8240297192868147,-4.627354546131387,1023,402,0,7.0,0
0,-0.18826216681302027,2.4672105400502047,0.01232592434005123,-0.21233550772625084,-1.3051916661342164,0.1898217682231706,-1.7785597477306614,-0.6033295914725629,-0.6382815419058152,-3.972692127769456,1023,239,0,7.0,0
0,0.1141177255942659,2.82148980958045,0.017050693144187442,-0.2118062034749572,-0.18040507837570616,0.004759122903632226,-1.5132662106399424,-0.5907971698798561,-0.4468202779444938,-1.9753212125647852,1023,770,0,7.0,0
0,0.048203828915701914,1.3034111773170676,-0.013334209268144895,-0.21782466289022928,0.5839405049544174,-0.2583165862131298,-2.018653514615997,-0.5708185359684823,-0.6104229084135682,-0.9483431928523922,1023,1023,0,7.0,0
0,-0.20861900487176074,-0.7646649529239755,-0.04108673238104325,-0.22192691864888311,0.014274009774526487,-0.0996641253320962,-2.8548012976790846,-0.5614458981963979,-0.7497943191040054,-1.1525910268385908,1023,1023,0,7.0,0
0,-0.31791335743099164,-1.645893316104128,-0.03895171636621003,-0.2199127900867322,-1.1806521674495185,0.28243835656710026,-3.167746798818362,-0.5627451681563365,-0.33457031848472224,-1.0555923079668372,1023,1023,0,7.0,0
0,-0.19181879010644656,-1.207149651636324,-0.01705045795242172,-0.21571527289694034,-1.6256336950751562,0.3064508784081357,-2.7355497628348897,-0.5593404493340915,0.4678504889293599,0.14008167347098133,1023,678,0,7.0,0
0,-0.04368757463676192,-0.7392416396273527,-0.003076973870106307,-0.21482303902344552,-0.9686967219855334,-0.13402355122224432,-2.1183648591184387,-0.5453406839364539,0.9333870537882704,1.4795280287906527,1023,575,0,7.0,0
0,-0.07909189864793001,-1.0461861163857775,-0.007783884523157226,-0.2174263268153077,-0.1245763265263468,-0.5177602137588854,-1.8758787165593496,-0.5351786143931218,0.7198577160042812,1.7865770307586613,1023,665,0,7.0,0
0,-0.2530491024697497,-1.4749357821681135,-0.017449407553861027,-0.2195258035021162,0.01776300997693636,-0.43289144652829054,-1.9619246324969528,-0.5432937430706005,0.2894634674135135,1.2225878873756721,1023,706,0,7.0,0
0,-0.3649599088654095,-1.0212338030120285,-0.015773723113944878,-0.21875343472934747,-0.3857771558756807,-0.11711034212219175,-1.9695017584075865,-0.5616084848366163,0.2699183362347229,0.8551755761956035,1023,750,0,7.0,0
0,-0.3158166002910447,0.1843744684976768,-0.0039463585429066585,-0.2167791136084989,-0.5709796763034255,-0.0741642902304442,-1.7164838738441892,-0.568585085989194,0.6714650399439581,1.2052307403787572,1023,739,0,7.0,0
0,-0.19729114958252675,1.0003313615871894,0.003804594936461907,-0.2162771926960449,-0.23725324218461,-0.3780220986036691,-1.387701735484894,-0.5581072611972352,0.9739551099559196,1.7860899746137648,1023,611,0,7.0,0
0,-0.14683375162625495,0.6969892998603379,-0.0008260185423165763,-0.2174661116991561,0.18634220059144854,-0.6256639548282182,-1.2019371887578645,-0.5467855168248574,0.8509788849953507,1.9362008380299496,1023,530,0,7.0,0
0,-0.1884148522596083,-0.2392264487229585,-0.011546880978424623,-0.2184807060117477,0.2311355496783509,-0.5128778045471903,-1.1453470393162946,-0.5494354596412488,0.5275434645491889,1.6218639570203326,1023,610,0,7.0,0
0,-0.2425781003336452,-0.8157953373361351,-0.0171630643794008,-0.21814848056044592,-0.02294057296221973,-0.2037199910387317,-1.0638258692041638,-0.559433617266342,0.399096641495998,1.285559415937894,1023,719,0,7.0,0
0,-0.24755602006439306,-0.6824619821140561,-0.014930397956539809,-0.21721799258126184,-0.15919417928359564,-0.06196229164217484,-0.8905737353914865,-0.5629378170968184,0.5269133882854311,1.1927558501324156,1023,827,0,7.0,0
0,-0.22100016966020572,-0.31414804772492233,-0.011586588957294731,-0.21696243928106632,0.0026033293350619393,-0.18244840540174345,-0.6978025325881108,-0.5634226473651768,0.6534298189687584,1.1906021726864138,1023,993,0,7.0,0
0,-0.20993598460139892,-0.2395399143860569,-0.013442444589446738,-0.2175139226180821,0.24815935623021,-0.32606151451142856,-0.5668198996904502,-0.575550439080908,0.6024124113838188,1.047527566619821,1023,1023,0,7.0,0
0,-0.22353956363493832,-0.4315900319955506,-0.019198434608115038,-0.21800020719552807,0.3156496279908439,-0.2664331641311317,-0.4879865188829907,-0.5955760345580562,0.4808320802397442,0.7951813275844039,1023,1023,0,7.0,0
0,-0.23472542508998626,-0.5164280882485289,-0.023243387536720197,-0.21785348592654,0.21156261846843574,-0.0641900922951655,-0.40278094751187377,-0.5969055839667751,0.4746250338426164,0.6412279521458948,1023,1023,0,7.0,0
0,-0.2264980400576995,-0.33560908858901034,-0.02335673046731609,-0.2174142614296288,0.13234214123324067,0.046873730603258994,-0.2938447855688625,-0.5651241161816477,0.5890115295766423,0.663703925733937,1023,1023,0,7.0,0
0,-0.21136241990270954,-0.10119080986628733,-0.022610850353024826,-0.21728657694517334,0.18548333435672973,-0.036360541818014604,-0.19592011239799165,-0.5241707674760281,0.6812365549777508,0.7247146407087758,1023,1023,0,7.0,0
0,-0.20755766981000945,-0.06189168874586608,-0.024255028836327575,-0.2175432811206086,0.2867498127538762,-0.18747349908799255,-0.13657023152850753,-0.5119022124591721,0.6809356738690088,0.6716707287133786,1023,1023,0,7.0,0
0,-0.2150621879572472,-0.20252621498145945,-0.027411523333598118,-0.217772772871262,0.3065390512925311,-0.2407842135520376,-0.10264053645595393,-0.5341317597927543,0.6635495847901421,0.525919285567441,1023,969,0,7.0,0
0,-0.2216034160394132,-0.32724087795856305,-0.029013353227826142,-0.2176721827244708,0.2306183973119228,-0.18769411154356774,-0.06453372803992098,-0.5582370951060401,0.7025783628886473,0.4350224962914469,1023,833,0,7.0,0
0,-0.22163616752341347,-0.3299045683369223,-0.028260427878197908,-0.21729020709879612,0.147531919690159,-0.1399663739487962,-0.00463151396025484,-0.5545481234204411,0.7464878042114553,0.4826073866987948,1023,778,0,7.0,0
0,-0.22017584896938291,-0.28273657582618056,-0.027135349805365732,-0.21673434488367774,0.12561382843154084,-0.15797352333057438,0.08245160439141871,-0.5311183118803248,0.696589211770257,0.5910963476433476,1023,603,0,7.0,0
0,-0.22182189782120984,-0.2886398918531968,-0.0270255700042148,-0.21601454265602849,0.14762067186169964,-0.18946921903783467,0.19044461012168454,-0.5191045184161781,0.5536213128534978,0.6153445234038231,1023,379,0,7.0,0
0,-0.2243404014417256,-0.3431173640979285,-0.026828451423663045,-0.21538147412243344,0.1535076527420669,-0.16639395740879828,0.2902322105029867,-0.5317237435958292,0.4172158198790311,0.5067811951541061,1023,424,0,7.0,0
0,-0.2237490096536228,-0.3855958907185333,-0.024824962585229832,-0.2154719283245688,0.10577133981304628,-0.09626567720149908,0.32407507159365184,-0.5507771255390764,0.3461185928323697,0.3398130230862197,1023,790,0,7.0,0
0,-0.2189373211567684,-0.4432178704452256,-0.020944513505736083,-0.21661266244902969,-0.002450305768124451,-0.03962583034114088,0.19468063462507573,-0.5538493223502108,0.2646736003683117,0.1294027232726692,1023,1023,0,7.0,0
0,-0.20513847539999336,-0.6078613623648418,-0.0159313325452006,-0.21800769127465894,-0.1719300561296027,-0.03348332403001849,-0.2180481176897256,-0.5423197653847951,0.039131394366276634,-0.3206177034179528,1023,1023,0,7.0,0
0,-0.16574627956228175,-0.7431239402656863,-0.00842295791809576,-0.21794825795776626,-0.3733236981909806,-0.05032807596949515,-0.8924485457302895,-0.535889992745025,-0.3128626559616869,-1.1522030320473096,1023,600,0,7.0,0
0,-0.08684881042881921,-0.2849491193988752,0.00529304328638146,-0.2147682793537123,-0.4824856863899568,-0.017735873446978502,-1.481521643774902,-0.5473600103909807,-0.4944184677733826,-1.8828008569303247,1023,415,0,7.0,0
0,0.004197931033331575,1.2922413575559204,0.02536734058742557,-0.20778583329006228,-0.3278097458951436,0.10932513497653548,-1.5719515506016697,-0.5710252455638313,-0.1651727546346123,-1.4410688364260007,1023,210,0,7.0,0
0,0.02857704869173265,3.5642188675044135,0.04166363789602328,-0.19873303706547368,0.08307105972040814,0.284038462149786,-1.2775831259081338,-0.5914969422388534,0.5739445292242318,0.6354342756281018,1023,707,0,7.0,0
0,-0.07423749114226103,5.067289770227903,0.03881742890656585,-0.19303381081372006,0.43859288712367933,0.40586383628210776,-1.1689191624813768,-0.5959488075074554,1.1015422299404323,3.059091332271548,1023,447,0,7.0,0
0,-0.2520769844152523,4.652059703312187,0.01391329102117932,-0.1970845849917096,0.4159273197769128,0.4255101447022448,-1.3431585889253594,-0.5802788080945533,0.9027801840517016,3.6025144834398644,1023,97,0,7.0,0
0,-0.35774537653452043,2.8179140373427862,-0.01465102320833207,-0.2109432009332589,0.10577235707243038,0.364874716431156,-1.1153529919010343,-0.5520811044264806,0.1728808880290706,1.506307676429964,1023,24,0,7.0,0
0,-0.3027133242534276,1.1491747735785067,-0.024329535431506174,-0.22500120659427544,-0.07184378556934097,0.2494202635465313,-0.10986200092399333,-0.5288295642467262,-0.4153518638238832,-1.3745248132393897,1023,18,0,7.0,0
0,-0.17039768473048447,0.4139289034577167,-0.01390894555584385,-0.2282412915230993,0.07863827075469867,0.10160669487739726,0.8867542568991871,-0.5258035548373019,-0.4723037153448708,-2.4168139180211714,1023,346,0,7.0,0
0,-0.12599337079583006,-0.14788753592060366,-0.00394804834781439,-0.22031943402682555,0.2959465700460384,-0.005954944835550347,0.8343389538212279,-0.5410310292601264,-0.221245194077205,-1.0531079859219201,1023,987,0,7.0,0
0,-0.21891375394524107,-1.3989812480293224,-0.01070037916791518,-0.21188478682482934,0.2785148431114676,0.0114709340619042,-0.12902362754551194,-0.5554018561526103,-0.09846854804592957,0.8068077601913579,1023,1023,0,7.0,0
0,-0.3286571581378855,-2.7955003436475496,-0.027403038109297912,-0.21193310795493245,0.10034058264796493,0.1358936216503108,-0.8473431362667749,-0.5522476818724578,-0.22732555780363,1.1550127210172785,1023,1023,0,7.0,0
0,-0.32176023710735635,-2.939812528458112,-0.03529785982818319,-0.2182190890279632,0.04084928068469812,0.24402019844952685,-0.6369844609207808,-0.5355872602381349,-0.3793855895340475,0.050295131713930366,1023,619,0,7.0,0
0,-0.21274152284589454,-1.424629656358521,-0.02711345106044472,-0.22206382001429406,0.16021602815369254,0.24904245566506714,-0.010147831679727692,-0.525059751813788,-0.3462684886386849,-0.8920209084668834,1023,597,0,7.0,0
0,-0.13071739103692026,0.5329090777571922,-0.013249870385897552,-0.21970557967629875,0.2555622087949659,0.18869813122223428,0.1872957246086739,-0.5334034317352967,-0.198963136924934,-0.6472457915491621,1023,900,0,7.0,0
0,-0.15529183365889385,1.4293937071946388,-0.007039722051276939,-0.2155000954133644,0.18927741481361546,0.14635603225138058,-0.13863955329577685,-0.5531503298323331,-0.16459212932348288,0.22154807736115376,1023,1023,0,7.0,0
0,-0.2363374909837881,0.9883717305639214,-0.010428752711702023,-0.21485536902122326,0.07020973495450596,0.14195233709369046,-0.4089653445237639,-0.5660443795264151,-0.3513688567734945,0.614378236388749,1023,1023,0,7.0,0
0,-0.2767026993416761,0.09446526166647773,-0.0156318320251961,-0.2176016785745883,0.06890450902389897,0.14410971141226567,-0.2544441438591448,-0.5612945595167379,-0.6624753210345568,0.2996865664497928,1023,996,0,7.0,0
0,-0.2492337203069205,-0.4277310009526902,-0.01646468854208809,-0.2195976844954205,0.1837091777754372,0.14843953790837294,0.0754408859071843,-0.5429195713530882,-0.9406510695682492,-0.05251045585614077,1023,1022,0,7.0,0
0,-0.2066468910993868,-0.5472534539862017,-0.01436230796703897,-0.21866340779200027,0.2756638423896869,0.18513650645130564,0.16566724203889024,-0.5237532910418788,-1.127176437660512,0.08427668163911209,1023,1023,0,7.0,0
0,-0.1999331772202829,-0.6370193311583902,-0.014186492088613457,-0.21667735851948086,0.2692636322150132,0.255789055232635,-0.018561732982114658,-0.5161213026900819,-1.2657956104260903,0.4753544605573977,1023,1001,0,7.0,0
0,-0.22232317094049475,-0.8023166190991702,-0.017326566528209842,-0.2162886440016522,0.2237807724466584,0.3109401099264047,-0.1826420481375128,-0.5246841413437149,-1.3971732722533925,0.5825844690327677,1023,937,0,7.0,0
0,-0.2352233276017771,-0.8243233279337692,-0.0205902507499962,-0.2175474726301173,0.21850699204433136,0.3082451801976623,-0.13504190400152136,-0.5422148344858967,-1.5010180510893978,0.3033419821923499,1023,956,0,7.0,0
0,-0.2229381667828552,-0.5805866637935608,-0.020918389186106025,-0.2185161102002696,0.2493139411778143,0.2670096626908651,0.01696244770160843,-0.5532927324617459,-1.5465861580217417,0.025322600328499117,1023,998,0,7.0,0
0,-0.20507563223229056,-0.2492040245235743,-0.01922600621370684,-0.21810737033436087,0.2651004244908965,0.2413538221159411,0.07644733663207118,-0.5479757771314049,-1.556568075256545,0.06421341129267492,1023,942,0,7.0,0
0,-0.2040739535086733,-0.07353485644421494,-0.01880542304421535,-0.21716965092057194,0.2539618853057889,0.2514135218039506,0.012870555553728315,-0.5325423536437125,-1.58390525866353,0.2878650701531415,1023,837,0,7.0,0
0,-0.2174484612738547,-0.08623225306204726,-0.020924335477940318,-0.21696684630820307,0.2482226217176339,0.2693234650212337,-0.04855289080422144,-0.5226339675433355,-1.6363493436288945,0.3468155901811481,1023,807,0,7.0,0
0,-0.22606558495435616,-0.1451692905888727,-0.023358286233449186,-0.2175520897096276,0.26167947320490786,0.2735622693717116,-0.017100593937553015,-0.5257350522885395,-1.6546675519189256,0.12447512559579454,1023,798,0,7.0,1
0,-0.2206899331273964,-0.15747507100345814,-0.02338106575256081,-0.2180174836960044,0.2632279854262515,0.28359209785003664,0.0654098303811873,-0.5340497046011803,-1.571267015403519,-0.16015268879776567,1023,758,0,7.0,1
0,-0.2115467397918372,-0.16934443683937014,-0.021132647872637075,-0.21783451267246406,0.2211798349704346,0.3209519961742344,0.10446738532940726,-0.5342415934331368,-1.378631350867508,-0.2460758494303851,1023,714,0,7.0,1
0,-0.21236465214943576,-0.2500548481629864,-0.01919112636046209,-0.21739125476526108,0.14888687513194931,0.36135391250325577,0.06661083747012281,-0.5210594309327757,-1.136781804283449,-0.11063499312499804,1023,751,0,7.0,1
0,-0.22243930068684767,-0.37152371084591296,-0.019136883260772286,-0.21728825412439567,0.08905072546475211,0.35679782658147235,-0.006134935614324671,-0.5024680465562563,-0.9164248378437722,0.06484486017692695,1023,845,0,7.0,1
0,-0.229026916862236,-0.4402028927888619,-0.019577992264058413,-0.21756122816409015,0.06576115261734833,0.2971235024500105,-0.056746022923145685,-0.4939313518405327,-0.736891924854659,0.12951535858933694,1023,872,0,7.0,1
0,-0.22416475563857266,-0.4119874659534439,-0.01812502840126546,-0.2177844259739962,0.07235367941259067,0.22459643135597265,-0.060645560260275774,-0.5051003682682077,-0.5636094897833708,0.09672968487896796,1023,748,0,7.0,1
0,-0.2135218216745985,-0.3336493258746374,-0.014668584752588388,-0.21770226718136265,0.09951604378102907,0.1879307508039821,-0.03294762485211538,-0.5288496123123501,-0.3624217239712204,0.06714392140810227,1023,687,0,7.0,1
0,-0.2083906009709858,-0.27701644550651244,-0.011603988319327331,-0.2174926871999159,0.14753915343662105,0.1961307224046012,-0.013634803785046378,-0.5459660596367497,-0.13987832193284727,0.0896041308851242,1023,721,0,7.0,1
0,-0.2129606390890304,-0.2648999329511614,-0.010795467310189379,-0.21744080314663675,0.20438588888328926,0.21568896510446156,-0.03753254742388135,-0.5436680248045254,0.07508222731714971,0.12611412135811192,1023,789,0,7.0,1
0,-0.22080886735002855,-0.2699835624524034,-0.011464263412707894,-0.21756817801223124,0.23746407982026144,0.20434564616282844,-0.100659527677239,-0.5271146463993969,0.26964130589691443,0.11740157271523136,1023,824,0,7.0,1
0,-0.220636527241104,-0.26114136373576297,-0.011646553623569457,-0.21767515080065333,0.2246202610070332,0.15060431995577594,-0.15687754410026486,-0.5110780373315758,0.4511202172974041,0.046471211485370416,1023,850,0,7.0,1
0,-0.20344319359042806,-0.2286859717413892,-0.010829714838563152,-0.21763832211665354,0.18017605893247726,0.08450430853230252,-0.15655766543928976,-0.5046425350900339,0.6237024549785158,-0.049965912468206836,1023,878,0,7.0,1
0,-0.16887165089058673,-0.17558565101414672,-0.0101744643829756,-0.21753924473502556,0.1387001856964149,0.04498145074508991,-0.09073476410156904,-0.5069706665437166,0.7808867934087825,-0.10815263496677156,1023,858,0,7.0,1
0,-0.13168387490818112,-0.11379869270994385,-0.010533333452083396,-0.21751323036745526,0.12360389240341585,0.03636325674805878,0.0008467636464971034,-0.5133412585505581,0.9210379482180566,-0.08779424634542171,1023,761,0,7.0,1
0,-0.11977593794875925,-0.07649358721879042,-0.011312499326476651,-0.21757264851703625,0.13645692555991826,0.027684971201150432,0.0625347480741646,-0.5200484506958721,1.0536648510407134,-0.019804613084703427,1023,609,0,7.0,1
0,-0.15319144088297215,-0.10756714447302797,-0.01148121177670825,-0.2176238911875823,0.16181870484401278,-0.001947841485759013,0.06867431625754586,-0.5251916312271867,1.1822487523501082,0.00974452849358799,1023,483,0,7.0,1
0,-0.2182416023043222,-0.2153377316706609,-0.01096300514766149,-0.2176074319663136,0.17565931249944355,-0.033383902979686,0.043647173703740785,-0.5287412995896614,1.2916408914486053,-0.04887334949007231,1023,504,0,7.0,1
0,-0.2709423380710772,-0.3451582832171531,-0.01053745828539473,-0.21756060733332425,0.16283856520542325,-0.036341366376919454,0.03403855161512659,-0.5311650680732386,1.3637555778703507,-0.14395036621459714,1023,620,0,7.0,1
0,-0.2764808129655511,-0.41961007332574657,-0.01069462247043877,-0.21754761192774855,0.13496421345783802,-0.015837507578027592,0.05803726413301422,-0.5301170107124786,1.4000721401694372,-0.1811929959689797,1023,682,0,7.0,1
0,-0.2431123498868469,-0.4086374676650785,-0.01110402675590434,-0.2175753165569592,0.12240331171939438,-0.0076362191346812484,0.0878597560727189,-0.5209915671540747,1.4173726383575511,-0.14497888363596326,1023,736,0,7.0,1
0,-0.2100840118423104,-0.3491362951915439,-0.011211290293307176,-0.21759985077402608,0.14164199531066116,-0.030837400558001257,0.08631623320739744,-0.5039072879747738,1.4248440492222147,-0.12304188749511395,1023,797,0,7.0,1
0,-0.20449466937135355,-0.2970177749387688,-0.0109634234868403,-0.21759252143902466,0.1765227079045205,-0.06834225522027512,0.054679269787498215,-0.4881790826819967,1.4168741300223109,-0.19294980281670884,1023,824,0,7.0,1
0,-0.21795049035743808,-0.2746659509629449,-0.01074825319341732,-0.2175703989521042,0.19870694160739508,-0.09650113693623133,0.034733624558830285,-0.4852641967997439,1.3866999428499318,-0.3134468032020913,1023,843,0,7.0,1
0,-0.22527020712141554,-0.2691321236199436,-0.010816008032912132,-0.2175639281085992,0.20130957954028048,-0.11034810159291583,0.05969391760776562,-0.4961437566992629,1.3378739574214944,-0.3667050345007574,1023,882,0,7.0,1
0,-0.21651459169960413,-0.2656236239335609,-0.011012755871432946,-0.2175768391645812,0.2001049679463486,-0.113720371995799,0.10927571660233283,-0.5088270135798341,1.2850847511260222,-0.3044395421263173,1023,890,0,7.0,1
0,-0.20430842158026868,-0.2661635898068709,-0.011068831810551736,-0.21758857998283426,0.20214649606491952,-0.11052404331493562,0.12567703366730568,-0.5112092979847134,1.2489639477909815,-0.210147241050374,1023,851,0,7.0,1
0,-0.2040346185220188,-0.2774526326811083,-0.010953061024518086,-0.21758532961836327,0.1916093097429795,-0.11839417791380012,0.07817703224140403,-0.5051792970199962,1.2383215625303254,-0.19478050798923333,1023,773,0,7.0,1
0,-0.2151768055275614,-0.2948091862236392,-0.010848988771572095,-0.21757488123209864,0.15833211719239776,-0.1642255483185595,-0.00016393961489169872,-0.5040725680917485,1.2262150837789951,-0.26160877029173024,1023,765,0,7.0,1
0,-0.22440260609156654,-0.3056920141868396,-0.01087874061314956,-0.21757166853446774,0.12568212031857465,-0.2416505492823597,-0.051451376046671785,-0.5147939496596977,1.1598169578660005,-0.3121692314096859,1023,815,0,7.0,1
0,-0.2225140971735757,-0.30454410101195634,-0.01097193830929588,-0.21757768217573387,0.128058872580423,-0.2916951419156322,-0.05891162443287785,-0.5267469599318911,1.0176970342562208,-0.27413169933077697,1023,817,0,7.0,1
0,-0.21407560852699986,-0.2981817839308305,-0.01100008186148374,-0.21758329801551016,0.16241692099881178,-0.2601660489443032,-0.05466314240150362,-0.5242639642728233,0.8486887617718929,-0.1825652991872929,1023,784,0,7.0,1
0,-0.21049719239900344,-0.2968321166563014,-0.010946156438881085,-0.2175818633052918,0.18449372518360055,-0.17241796416269506,-0.06442293280763027,-0.5088898706845207,0.7245710666191052,-0.12696043318013495,1023,769,0,7.0,1
0,-0.21646805797562688,-0.3029533048381345,-0.010896267751403644,-0.21757693021494595,0.16326367227363164,-0.11771539728638285,-0.07203881258408132,-0.500399027661067,0.6534437931883537,-0.14812855701289482,1023,804,0,7.0,1
0,-0.2253621189594163,-0.30951440243117023,-0.0109131084131954,-0.21757533934133805,0.12232901741725948,-0.14630475605245172,-0.05298809626779637,-0.5108747861933008,0.5705531437629967,-0.20514200136491495,1023,856,0,7.0,1
0,-0.2276207363020869,-0.3075977135235384,-0.010998129545378571,-0.2175781387863606,0.1104707230273281,-0.20727778352604967,-0.020714198997610143,-0.5258565494235465,0.4245329173190309,-0.2271829370328692,1023,858,0,7.0,1
0,-0.2212946749540076,-0.2947215932717803,-0.011213049159079115,-0.21758082367297904,0.1407832608090844,-0.2115303629582308,-0.01358687043159059,-0.5213968035355621,0.2434731766106971,-0.17875465633441032,1023,779,0,7.0,1
0,-0.21301858130298376,-0.27703514403486984,-0.011754734682564596,-0.21758019378806834,0.17733987836236167,-0.14216330152441226,-0.042826431142938284,-0.4963280371772288,0.0946014108026182,-0.07988267948699357,1023,763,0,7.0,1
0,-0.2102255586448133,-0.2652803486544126,-0.012696978700858228,-0.21757786546637956,0.1798115137738981,-0.07297842364080212,-0.07744102843600266,-0.4753689047044344,-0.0031453759399413745,0.020332197702338555,1023,828,0,7.0,1
0,-0.21438446248533327,-0.2678423589144017,-0.013559556858397966,-0.21757707957907832,0.14681985734508293,-0.07614266654656136,-0.08596671136292533,-0.4779384943916499,-0.1009164716603176,0.08369188636193707,1023,823,0,7.0,1
0,-0.22109791721337485,-0.2844396696485201,-0.013446938576114826,-0.21757838201828827,0.11120089252571047,-0.1385544138747644,-0.07658529150214774,-0.4946045734268778,-0.2576691035522625,0.10360684909326122,1023,783,0,7.0,1
0,-0.22467894038496175,-0.3049192729599069,-0.012061660625173757,-0.2175796650479253,0.09793070810864513,-0.18474104397892865,-0.08076181018660622,-0.5012018258531705,-0.4748017400171507,0.1006553622488958,1023,802,0,7.0,1
0,-0.2224477722712684,-0.31608759047259577,-0.01049422325895144,-0.2175793902263703,0.09538107767656252,-0.16719136488589575,-0.10260129521766004,-0.4888838197514338,-0.6986919244764648,0.11038604461708047,1023,806,0,7.0,1
0,-0.2162946833380443,-0.31206043628463004,-0.01041943074525672,-0.21757829167462914,0.07811673926335347,-0.11482539827883904,-0.10779368003333076,-0.4708257897781846,-0.8805469058916494,0.1672342898708976,1023,783,0,7.0,1
0,-0.21061910327494784,-0.2974892203327515,-0.012207690638565326,-0.21757790429938487,0.05327694750865434,-0.09334367631149286,-0.07395409450500544,-0.4626372295523041,-1.0267870587017554,0.27283156764198635,1023,836,0,7.0,1
0,-0.20671318109979414,-0.2781982705490888,-0.01417685293411044,-0.21757850989969466,0.060421661754317735,-0.12957498674883478,-0.030006010891521245,-0.4662858449922247,-1.18723093101599,0.3727715007840856,1023,870,0,7.0,1
0,-0.19817385865953785,-0.249011909646614,-0.014198322234430303,-0.2175791227455947,0.11661910965870975,-0.1812197098210435,-0.021013553652903364,-0.4742776879525429,-1.3928370374600203,0.3946329236837937,1023,852,0,7.0,1
0,-0.1766207238638459,-0.1985918772616797,-0.012080816631230592,-0.217579003714156,0.18565046640839986,-0.18156889298857232,-0.045333793595858214,-0.4815017929815655,-1.6101472693380334,0.332065851593642,1023,889,0,7.0,1
0,-0.14797298351274962,-0.135532407023744,-0.010004694552323858,-0.2175784855693379,0.22022456472674828,-0.11175182940542937,-0.053556026083738564,-0.4886910900855922,-1.7653843532402391,0.27182534592154606,1023,966,0,7.0,1
0,-0.13849175863190832,-0.10381701337797697,-0.01039108472087622,-0.2175782950112597,0.2189269984982947,-0.024149410988193308,-0.009390414630490156,-0.4977498008200756,-1.8150600441964415,0.3078972457847329,1023,984,0,7.0,1
0,-0.17097067058365614,-0.15043091845548376,-0.013525695505920076,-0.2175785764275866,0.2195072936711884,0.009014609602791384,0.06788910884047836,-0.5076611585017704,-1.787788454578048,0.4324916138148284,1023,896,0,7.0,1
0,-0.2312969148903403,-0.2666295606864869,-0.017417038359394982,-0.2175788690272665,0.24094575392134535,-0.030092084911323595,0.12586280903676733,-0.5149617075878257,-1.7546344321557674,0.5373481363614852,1023,804,0,7.0,1
0,-0.2723355812839944,-0.3780931515409786,-0.019755862301928846,-0.21757881791972825,0.2545352292259725,-0.08341749416469052,0.13414650670811146,-0.5162665543192946,-1.761287094109406,0.5316173020808416,1023,812,0,7.0,1
0,-0.2619673231015439,-0.41278954158230025,-0.01981183912566083,-0.2175785736136298,0.2230533084146286,-0.07171069668782902,0.11505092865178015,-0.5100049162911142,-1.789258868510066,0.4428713711422581,1023,826,0,7.0,1
0,-0.2196132280808472,-0.3723284594207228,-0.018626309874278563,-0.21757848004845812,0.1551488613949373,0.02704930390859414,0.12368615897243387,-0.498392218891327,-1.7767107803418425,0.3888148940043009,1023,751,0,7.0,1
0,-0.19335780832593547,-0.3205623929839345,-0.0176621342804794,-0.2175786107371229,0.09848208790213243,0.15602082102161505,0.19485795326720765,-0.4893985889444503,-1.6718966558003847,0.458484311527094,1023,555,0,7.0,1
0,-0.2051842853363829,-0.3117781281125698,-0.01714300276402542,-0.21756611437833115,0.07680059802683384,0.24123939456258384,0.29312272208765244,-0.4922736815303596,-1.4745015879983432,0.6219393276621306,1023,368,0,7.0,1
0,-0.2319486997046897,-0.35792650329377257,-0.01505214024379116,-0.21742071270032626,0.05160344805679105,0.2726399088704187,0.3004187704635499,-0.5055750297811425,-1.238544917906063,0.7144680243075302,1023,335,0,7.0,1
0,-0.2406085552441825,-0.4654774224914871,-0.007239845004445637,-0.2166685165393475,-0.04521631457125465,0.3114312001156169,0.0927526167039152,-0.5135408041253571,-1.0220748551216985,0.500747688626171,1023,701,0,7.0,1
0,-0.2279146213966575,-0.6661193141343362,0.010145320064223392,-0.21439888098940665,-0.22362291359784736,0.4019237222773006,-0.28971272790936164,-0.5034632237776978,-0.8055480528103728,-0.12784811967349818,1023,984,0,7.0,1
0,-0.21667732921390667,-0.9838435104778156,0.03458397555512552,-0.2101406683038228,-0.33676272634220633,0.4702781572552847,-0.6088528533068743,-0.4853588857778959,-0.4999123403941103,-0.9383892545603646,1023,942,0,7.0,1
0,-0.22134236198935509,-1.3702776209852436,0.05188546503450565,-0.20555892685209434,-0.12027334802928948,0.3459316917141894,-0.7769367719172123,-0.4832087684816703,-0.1199715242734084,-1.4917879394768032,1023,388,0,7.0,1
0,-0.2310341609178395,-1.6695569971233335,0.04292316087541183,-0.20453477282731145,0.4814028560614205,-0.03813187178151934,-1.1521071271284138,-0.5039323165455404,0.13104959441996966,-1.6026371533305832,1023,546,0,7.0,1
0,-0.2285894387819213,-1.6729334287798523,0.004168722959769656,-0.20962900887165647,1.0144310562943697,-0.4565564209776182,-1.9959336891244663,-0.5255419837157825,0.16356447937607752,-1.4458248398699902,1023,1010,0,7.0,1
0,-0.2156886108888689,-1.2842049715092765,-0.040003235257228494,-0.21806818143878184,0.8668213180428564,-0.5387537485898715,-2.6091232614175177,-0.5226862450519454,0.3163928633816904,-1.1214324423141495,1023,1023,0,7.0,1
0,-0.20976747481171049,-0.6591550200231441,-0.05611684772629202,-0.22321695411540304,0.08666755692207746,-0.206040489011072,-1.8128979439397304,-0.4972954886297725,1.0009520662184783,-0.5134688461401881,1023,1023,0,7.0,1
0,-0.2188248627950778,-0.11442655770576672,-0.036348286222697736,-0.22132139347076946,-0.4951638377919809,0.16224037772876868,0.31015931782555584,-0.4760506309760108,1.9958524811201757,0.22264228407270648,1023,1023,0,7.0,1
0,-0.22985473169117146,0.1414676174928225,-0.006755366844861266,-0.2154524263157837,-0.2480578997471928,0.15748076801643435,1.9648026471634952,-0.4790551841087616,2.5225353049414827,0.50596058040434,1023,812,0,7.0,1
0,-0.2266630467733149,0.14634812873154074,0.0032007796299861626,-0.2114426575159694,0.4397525642817628,-0.14945603316141354,1.6494509117099985,-0.49713820404535,2.1937431041509696,0.03490520274938238,1023,347,0,7.0,1
0,-0.21180109117714047,0.05324100753909241,-0.008162638883187034,-0.21116710321422089,0.6844622357229265,-0.31343671129392403,0.060565939538817275,-0.5035212416426478,1.5378633901931689,-0.6746333184615311,1023,338,0,7.0,1
0,-0.20264291309098212,-0.05904249288743407,-0.01982065688857472,-0.21166103186063231,0.2551498437480245,-0.09721137739173563,-0.8104411827417661,-0.4865215515598153,1.3512291335366895,-0.8474648581041899,1023,500,0,7.0,1
0,-0.20856276702246931,-0.2029939407439648,-0.017415661961158378,-0.21021979082530867,-0.21681124134287674,0.24677856600868706,-0.16592321891802692,-0.4644385154947096,1.7731727891313829,-0.3875976670926935,1023,557,0,7.0,1
0,-0.2205985451449782,-0.3722004146137283,-0.007632918774781112,-0.20813512222149572,-0.147612412082607,0.33009814591314385,0.8611681409687811,-0.4630080214159653,2.2575067249868344,0.07797533230663713,1023,549,0,7.0,1
0,-0.2246906090313639,-0.494211470013139,-0.00431517550597475,-0.2086703007642255,0.28075454538613565,0.10915956677552084,0.9378002072632295,-0.4831982644022533,2.3256853431204423,0.041076695443279375,1023,570,0,7.0,1
0,-0.21839785068811612,-0.5030301083512251,-0.009864015723457796,-0.2126748136371065,0.476532681352732,-0.11426696937207692,0.1764935453056986,-0.5008091187028967,2.0708363404914607,-0.31388473499429714,1023,683,0,7.0,1
0,-0.21118322050705565,-0.4169704726186508,-0.0153105349409594,-0.2174276563576661,0.24377866907507445,-0.10256483493717207,-0.3192206187317978,-0.4966268769592471,1.8980968334932569,-0.459809974556052,1023,820,0,7.0,1
0,-0.21183992160549467,-0.31897181189126905,-0.014095827609365612,-0.21955968419918792,-0.04924790350153562,0.058636593257390124,-0.0158002124760297,-0.4769714174901462,1.987879452348451,-0.2152007075281983,1023,938,0,7.0,1
0,-0.21945606981583507,-0.2714273496409724,-0.009385075843788159,-0.21824717084653394,-0.030986961558778957,0.1330468081421024,0.5402229135140308,-0.4621580329495488,2.159804617765454,0.11288383963295374,1023,985,0,7.0,1
0,-0.22617852875498345,-0.268966079458403,-0.007752687965325233,-0.21538836933726868,0.2177799624110635,0.04661944603032373,0.6456777259448668,-0.4625542345248487,2.1807253543543403,0.18449592530983014,1023,862,0,7.0,1
0,-0.2259801095710019,-0.2708592589566156,-0.010374752069546238,-0.21327625515915052,0.3529812699073596,-0.06038414675078078,0.3293812454863277,-0.4712989173552489,2.0440834505571366,0.01691901102910192,1023,662,0,7.0,1
0,-0.2185807671019278,-0.2564030690572362,-0.01299893395848052,-0.21257048184704472,0.2365968703580421,-0.047043787045849585,0.13044494359597245,-0.4771436617650711,1.9079500727222471,-0.12442273020014395,1023,501,0,7.0,1
0,-0.20511183341134534,-0.2337070388825369,-0.012465809491870448,-0.2123596897574526,0.05850962063883532,0.06135958160426105,0.3114205883788217,-0.4779303708148449,1.8546180226234579,-0.08634027005007748,1023,461,0,7.0,1
0,-0.18409470754142832,-0.20789051803943934,-0.010232025234743264,-0.2117025546676066,0.04103148399964891,0.13843323373702454,0.6054256207572499,-0.4790834371048072,1.8001177600968816,0.03408627479525169,1023,554,0,7.0,1
0,-0.15719728735880806,-0.16966404465380827,-0.009424977406764444,-0.2107539977754019,0.1698127228762169,0.121496920380363,0.6690132141049167,-0.4829473423832794,1.625648767872884,0.07361246516692943,1023,681,0,7.0,1
0,-0.13842054582029906,-0.12478360090316565,-0.010646829226698823,-0.210375312632764,0.2628807412899681,0.06202536342354629,0.5116890935020034,-0.4856265721653634,1.325277144188667,0.014363744367202825,1023,714,0,7.0,1
0,-0.14852945466738274,-0.11244638050668578,-0.011902683743671766,-0.21098159180320925,0.2221797585947204,0.037873915591030975,0.3905134235108693,-0.4846304338371637,0.9934308061009792,-0.03232886562919693,1023,714,0,7.0,1
0,-0.19239140277917044,-0.16924444146947096,-0.011672839311354035,-0.21212522570395687,0.13146837718306278,0.06580937302149298,0.4402670256886749,-0.4837896812544238,0.7037431457684273,0.00260192801605931,1023,745,0,7.0,1
0,-0.2447929288748333,-0.27745114052220304,-0.010618372101487377,-0.21308406130964333,0.1167011562643739,0.10602102703859437,0.5553150734564227,-0.4874340467613781,0.4434819388991007,0.06250757730716461,1023,803,0,7.0,1
0,-0.2680614051687067,-0.36965521819633584,-0.010221324888889426,-0.2134165145956211,0.18490641595659107,0.11844990347119355,0.5905256125343648,-0.4937388213409375,0.1621339827027297,0.05697476941444096,1023,887,0,7.0,1
0,-0.247565244389925,-0.39223931021114095,-0.01078912782588574,-0.2129558670773576,0.2391828524527705,0.0961111577959091,0.5433063685990496,-0.4975624866801407,-0.1536190653992299,-0.014394798782544363,1023,976,0,7.0,1
0,-0.2063078694664709,-0.3541040815714782,-0.011388861402890896,-0.21181443929390306,0.2140215109990701,0.059999796955661176,0.5033932154392317,-0.4968357127080551,-0.4724945275451749,-0.06480447016143236,1023,1001,0,7.0,1
0,-0.18183103305852324,-0.307154627666125,-0.011294507651293001,-0.21060418386549012,0.1439766367842912,0.040056691607864736,0.5067745350584852,-0.4926838617003981,-0.767103294869463,-0.031988717162933306,1023,931,0,7.0,1
0,-0.1906992556236076,-0.2885802363474039,-0.01084204859341768,-0.21019566997779995,0.10363695513452173,0.054682585601143405,0.5071398764591888,-0.4864847864441312,-1.0410416154854507,0.045597560251857655,1023,852,0,7.0,1
0,-0.21735521360633192,-0.2924954038419993,-0.010889174779649746,-0.210942514394297,0.12092189514271395,0.09383667301801793,0.4677181373171574,-0.4807426942302094,-1.3025260776035834,0.07664802905960205,1023,825,0,7.0,1
0,-0.23495441070397174,-0.29319459774312595,-0.011920509073734108,-0.2123964513969568,0.1629688074585219,0.12442929524830665,0.4223031820203358,-0.4795870649100104,-1.5326167084419917,0.02804108935104327,1023,858,0,7.0,1
0,-0.2324695391983971,-0.2812986050407965,-0.013739579852142973,-0.21389584865606487,0.18506715105240787,0.1239552714645967,0.4291321484254547,-0.4836452529630981,-1.7000011666745432,-0.0327523841977762,1023,912,0,7.0,1
0,-0.22049728533382795,-0.2696516911099649,-0.015521139959672487,-0.21499703133360687,0.17591976463963338,0.10627582605114803,0.492472630982814,-0.4868094860494141,-1.8024150667648862,-0.014791055642069903,1023,931,0,7.0,1
0,-0.21476467598190144,-0.2708792897396437,-0.01601025006372205,-0.21518878572695066,0.1590294377508283,0.10365780769563106,0.5552075372776507,-0.4825740951340272,-1.8748244630893145,0.08971451249930681,1023,939,0,7.0,1
0,-0.21909373033072327,-0.2806942644677509,-0.014389253196034062,-0.21392130899003645,0.1598917077911104,0.12889466681061648,0.5644624650902101,-0.4717100444867749,-1.9519282250586796,0.1964480349962764,1023,887,0,7.0,1
0,-0.2253318770815131,-0.2858706551327108,-0.01156732437596302,-0.21152993636545692,0.17861253431116464,0.16911154797979905,0.5242635890979215,-0.4603494944546957,-2.0333230451225193,0.2263299023411871,1023,769,0,7.0,1
0,-0.22583933240145285,-0.2816552240906273,-0.010129389935353762,-0.20960270359838856,0.19831065512909996,0.21077045932228053,0.4776959669795302,-0.4534475601435263,-2.091159620049287,0.18560094933820384,1023,671,0,7.0,0
0,-0.2216631689515243,-0.2752575075583512,-0.01208022634628525,-0.20956804674052426,0.21369043986209368,0.2511817871659457,0.4545539311868591,-0.4532169093614898,-2.1044332096713108,0.1337668274962346,1023,689,0,7.0,0
0,-0.2184471794118421,-0.2740629897359202,-0.01652740127925495,-0.2110184196130728,0.23486736535132655,0.28552695266368583,0.4516496357019895,-0.4593054806883369,-2.07719618641001,0.09904144568045277,1023,734,0,7.0,0
0,-0.21811078216233895,-0.27627533858495784,-0.020233003080015226,-0.2121343222085096,0.25954874368786346,0.3020339751288356,0.454069988233084,-0.4660087994824583,-2.0260707561906868,0.06328116519785608,1023,785,0,7.0,0
0,-0.2176401619275505,-0.275476089241306,-0.020782608822188856,-0.21181437216024995,0.2620114603132336,0.2968606321966801,0.4546353524652922,-0.4646080301204293,-1.9616248508917156,0.021284189734672082,1023,866,0,7.0,0
0,-0.2152088547442832,-0.2714107587577278,-0.01887278726771015,-0.21077649212823008,0.2259931016059609,0.2816107586223592,0.4510260639049013,-0.4548302165075909,-1.887902276726076,0.008486957870090078,1023,974,0,7.0,0
0,-0.21389797774766384,-0.2720712486500712,-0.017191079285249912,-0.21037731865656475,0.1752716780655439,0.27008258679215524,0.4409915716317666,-0.4492900329283461,-1.8126907558878893,0.05609863944512871,1023,1023,0,7.0,0
0,-0.21733175502669969,-0.28384230026218465,-0.017416449088458026,-0.21091028637350914,0.15122522570233576,0.2667579930903549,0.4284478916093647,-0.4585386005654004,-1.7471717456969589,0.15403591874866848,1023,1001,0,7.0,0
0,-0.2235345957000612,-0.30168224864221244,-0.01891950458481866,-0.21151329318578704,0.165865593205705,0.27407521546600205,0.4244111684028563,-0.4750678216811638,-1.6920162085073291,0.27800718144871683,1023,979,0,7.0,0
0,-0.2261522953641851,-0.3118476271795381,-0.02030870545293604,-0.2114570097715652,0.19572347715838487,0.3020254684039778,0.435835311331921,-0.4818184057031213,-1.624898024103788,0.4211674421750191,1023,1002,0,7.0,0
0,-0.2218454537023182,-0.30604725110283193,-0.0212913092812792,-0.21094249153211325,0.21640964010942665,0.3591088131946915,0.4623565647228848,-0.4755056984023874,-1.5022516106118986,0.5677535405139487,1023,1023,0,7.0,0
0,-0.2143384012944738,-0.29489497231945905,-0.02210337467333421,-0.21049931641373665,0.2158251731080872,0.43437135658978404,0.5055840905192763,-0.4704983817756487,-1.2792089278749361,0.6629912407468466,1023,956,0,7.0,0
0,-0.21040735190291127,-0.2994599485220072,-0.02103466403089281,-0.20995212724754253,0.1639636327112003,0.4980034740877588,0.5642360947919027,-0.4767668334061611,-0.9441504736875396,0.6643298569736338,1023,348,0,7.0,0
0,-0.21237613314855808,-0.2817930751713368,-0.013140744334761615,-0.20834015763552236,0.0001900354982457796,0.5238592850481828,0.6228682021692532,-0.484797123954796,-0.5486864629161736,0.6250722349543264,1023,112,0,7.0,0
0,-0.21367116294512106,-0.035574318994897484,0.006860932790633081,-0.20502378081595046,-0.2878798334404014,0.5044858293270037,0.6896435911317572,-0.4804786023196181,-0.1918121756168512,0.6728107496068556,1023,405,0,7.0,0
0,-0.2015120676598834,0.7188767005298788,0.03661269415187346,-0.20102086801868696,-0.5264260014161471,0.4393116899701197,0.8432342377337411,-0.4676425869277459,0.06462730971988738,0.8751504742274907,1023,997,0,7.0,0
0,-0.16910998881903855,1.7919562098667283,0.058714134198263386,-0.19922649722759905,-0.3730086239295143,0.32280410077117394,1.131456303691198,-0.4629964447048484,0.2736302824123505,1.1502143997311254,1023,587,0,7.0,0
0,-0.13127252858907404,2.045646142405356,0.04775087636185814,-0.20257816380642665,0.3230367058332788,0.17056259118870615,1.3781133357052957,-0.4692844357313803,0.5436190914899065,1.3221730345609723,1023,129,0,7.0,0
0,-0.12286693150465325,0.13508967514920822,-0.003444925671689799,-0.21091697816002267,1.1280180782555065,0.05457870569020905,1.2727934207084384,-0.4682865309456423,0.8746629150412214,1.240876335362379,1023,511,0,7.0,0
0,-0.16757264489961166,-3.6106235749268256,-0.06402246410513728,-0.21971208418694124,1.2789789689312363,0.062333946440040776,0.8017119700907427,-0.4484171405883231,1.1167055114437303,0.8514376964070701,1023,1023,0,7.0,0
0,-0.24437622221172145,-6.476209181646335,-0.08604849973711277,-0.2233511670589676,0.5594304698685144,0.18480627708119007,0.4019868718907023,-0.4273303026575295,1.1364166019468909,0.22224552991924207,1023,719,0,7.0,0
0,-0.2979118923727529,-5.598966920067797,-0.05374724883976008,-0.22058195069970968,-0.3117728634395113,0.2888080167434897,0.4555814080104145,-0.4321060805564612,0.9776598490750384,-0.423841033533428,1023,312,0,7.0,0
0,-0.2914455749028257,-1.1630886290278877,-0.002364346699785789,-0.21584439561535854,-0.4738562962731248,0.2603241901776951,0.7771776984372701,-0.4614186148836058,0.8203611421980327,-0.7647210122493009,1023,436,0,7.0,0
0,-0.2430268357400472,3.3701371375500178,0.020891143183584097,-0.21435156596447572,0.05867365963839918,0.1463715179391969,0.8747778020169112,-0.4840561652251702,0.8141281788004239,-0.6238410355094346,1023,915,0,7.0,0
0,-0.2020974622797856,4.6132901689414245,0.00644631264022692,-0.2165815167098067,0.5131303665200714,0.08878414697067268,0.6212492237535441,-0.4780136081030759,0.9665089855768394,-0.2048213808724235,1023,1023,0,7.0,0
0,-0.1972304959039671,2.4015300815191782,-0.01702817988711025,-0.21865963224531096,0.3932822645102345,0.13876482873393864,0.3704076691704392,-0.4567885901520469,1.1630311227448784,0.052393035587698575,1023,813,0,7.0,0
0,-0.21615397911459874,-0.6548412323407599,-0.0237581016981642,-0.2176370445599289,0.00689055404926748,0.2114349020355276,0.4166235733146957,-0.44925105723981423,1.2810987931783346,-0.06856794266708763,1023,583,0,7.0,0
0,-0.2316929449597198,-2.1840187467622685,-0.017220948615844084,-0.21491407191861864,-0.09232627082367696,0.2217884842156692,0.6246063187970379,-0.4644790668362422,1.28904801350279,-0.3459172097379081,1023,632,0,7.0,0
0,-0.2329086369546433,-2.00088661673164,-0.015014269222635076,-0.2140326673522616,0.15968986693924095,0.19175984412735872,0.6966718821414166,-0.4868313490923924,1.240298564980029,-0.4367867717685003,1023,928,0,7.0,0
0,-0.22720691396175344,-1.3293341697046737,-0.02182515345184932,-0.21616400553879586,0.3749603547462119,0.1943461379398276,0.5993266545111816,-0.4976972350854475,1.199681185282864,-0.2919990876067112,1023,1023,0,7.0,0
0,-0.2232215983463075,-0.9712540657850623,-0.026638351328246573,-0.2189180623754204,0.29936438302132845,0.2408874329835839,0.5450892678781725,-0.4900151964448435,1.2073990194158908,-0.1398483302252552,1023,1023,0,7.0,0
0,-0.22163925663792108,-0.7080350795185881,-0.021026443611347263,-0.21948676167779047,0.09379318245631688,0.2704013782999637,0.6403969244055709,-0.4666638641567816,1.2907300603560692,-0.1420832929200105,1023,877,0,7.0,0
0,-0.2199112241402149,-0.13910191961728932,-0.010296512518313351,-0.2178475118957612,0.03934380466056615,0.2396061124783304,0.7427238412654523,-0.4382754418642149,1.4517434532817877,-0.2225029997369753,1023,759,0,7.0,0
0,-0.21766249784645172,0.5348604152865143,-0.005290156650209927,-0.21621143031782464,0.1668171860770684,0.18376807560505368,0.6906435805741518,-0.4214703276427326,1.6345691688865376,-0.23693831040906654,1023,792,0,7.0,0
0,-0.2158150181822632,0.7626102542715556,-0.009199569404007705,-0.2159725335187681,0.2770915476847277,0.1709541497642569,0.5365501026977337,-0.4264963204203673,1.7514742076767664,-0.17814035554644408,1023,841,0,7.0,0
0,-0.2147750280722819,0.3754472522943406,-0.01604108091647153,-0.2163393344512749,0.2320878258314936,0.21522545575464866,0.4642492225647405,-0.444427240422458,1.7643168330977732,-0.1439214955341619,1023,764,0,7.0,0
0,-0.21529593933080327,-0.2255279991318052,-0.01940425157624868,-0.21607131450097666,0.1057270185339699,0.2636616275399177,0.5401452881375042,-0.4557875839484899,1.7159643754896945,-0.17580315459916124,1023,671,0,7.0,0
0,-0.2183310811565445,-0.5682650624433121,-0.018730912292699818,-0.21538665840218724,0.05220755750609909,0.2695827954458006,0.6428508030985893,-0.4534426327398749,1.6693555352800853,-0.21739321492812624,1023,654,0,7.0,0
0,-0.2223596631591449,-0.5761040833713456,-0.01713952609948229,-0.21521923705818147,0.11211816140040703,0.2495762772853257,0.6362643187343376,-0.4485103405676719,1.640875107815222,-0.21658265274243316,1023,741,0,7.0,0
0,-0.22313664888787935,-0.4840132795944712,-0.016425794496026134,-0.2152430362923385,0.1936702201506556,0.2506899962250236,0.5361405441133024,-0.4518498971410089,1.6082161320319075,-0.19503850663003594,1023,874,0,7.0,0
0,-0.218478961197318,-0.4570335547307551,-0.016041758447269617,-0.21404084063798998,0.2082239318862694,0.2797854618503885,0.4682788899471942,-0.4588909553863833,1.560342714534511,-0.19751343531150595,1023,988,0,7.0,0
0,-0.21232531528268933,-0.4388787512352236,-0.015410865284671104,-0.2113811553506751,0.16713404260695242,0.2928223425177041,0.5016880322443806,-0.4580804981242601,1.5145045552928202,-0.21976958616326295,1023,969,0,7.0,0
0,-0.2113920906724056,-0.3322225613982445,-0.014970144789250869,-0.20899558100814208,0.13785584751952099,0.2555596413478439,0.5752025962596367,-0.4477735767344765,1.4887184347407445,-0.2201019725645602,1023,866,0,7.0,0
0,-0.21702668959511948,-0.17993967289699164,-0.014929861406160578,-0.2082706162939893,0.14797976196007473,0.19333229563425489,0.5881065427615106,-0.4372098115422902,1.4752880208422343,-0.18259567421484968,1023,774,0,7.0,0
0,-0.2222865489666342,-0.10804000917013352,-0.014627898567609338,-0.2081071565447504,0.16654795786032028,0.16401886835884447,0.5217291184923233,-0.4333821396498535,1.446259496929031,-0.13896767797186274,1023,720,0,7.0,0
0,-0.21925173309603294,-0.15818382229004296,-0.013794913781608477,-0.20644708587681396,0.16353268506237,0.18798554099086887,0.4481316214269474,-0.43431846371457067,1.3789507227696214,-0.12895436098148494,1023,722,0,7.0,0
0,-0.20886469131120766,-0.25080255699202325,-0.013522919574447066,-0.203705062948969,0.14977535889457766,0.22503268400357385,0.43757845296680503,-0.4354745879670881,1.2740216469246923,-0.1569822369067366,1023,795,0,7.0,0
0,-0.2003624992915401,-0.2974284688485315,-0.014946380437058503,-0.20298657005307907,0.1511846595674841,0.2269423825547631,0.4861951549573253,-0.4359621347994181,1.1511943998002274,-0.19189982465341876,1023,839,0,7.0,0
0,-0.19809231558271692,-0.2869038433968558,-0.017147123941294938,-0.20597670292173212,0.16953324767505368,0.1940793429007627,0.5364368321066767,-0.4354817456735234,1.0259481083595408,-0.20025931466786112,1023,817,0,7.0,0
0,-0.1912669652448168,-0.2495699820781604,-0.017456707808033867,-0.20985464705106693,0.18592428380609655,0.16446058073398548,0.5463831741745621,-0.4296958168764883,0.8857670862040992,-0.17568654020358102,1023,782,0,7.0,0
0,-0.16533531463950818,-0.19237682546272186,-0.014473374718665643,-0.2100686711718451,0.1896174400428276,0.16163784958904215,0.5229253681673295,-0.4138914232570734,0.6930728043534385,-0.13900291171964613,1023,790,0,7.0,0
0,-0.1288004449532052,-0.11590401486835852,-0.0102063753524908,-0.2059577628463487,0.1838809066081475,0.17736040937353345,0.4949022554938023,-0.39171617067966585,0.4255416136147481,-0.11256564264971776,1023,782,0,7.0,0
0,-0.11949877879466793,-0.07010606601184602,-0.008313445403974759,-0.20179021868067856,0.1688572461299602,0.2019229902440412,0.4741174112220631,-0.377252505622905,0.11906888819963415,-0.09657532913321366,1023,706,0,7.0,0
0,-0.1676592903109291,-0.12940758117613413,-0.01024909873263236,-0.2016249646436604,0.14118267758576306,0.24577606200448676,0.4519270528781466,-0.3847356167144812,-0.14351634996220186,-0.07348204148085047,1023,644,0,7.0,0
0,-0.2511819890362583,-0.2929033816549756,-0.013888832169528192,-0.20464847561389046,0.11425780290280585,0.31788531663417585,0.4233394398626436,-0.4139231835477098,-0.3015475964381826,-0.03426384365276733,1023,668,0,7.0,0
0,-0.3049898154916331,-0.4509188628458036,-0.016043932532900436,-0.20677654836492806,0.11633777025252097,0.3950291072315574,0.399777620500334,-0.4463334649794442,-0.37149825663651936,0.008059967023105245,1023,771,0,7.0,0
0,-0.2864195575159766,-0.4872526787584775,-0.015601895604309591,-0.2058771395833938,0.15467882372073255,0.4331249645456536,0.3976469249057196,-0.4589206149485087,-0.425658913229864,0.03663784484989289,1023,884,0,7.0,0
0,-0.22167860248116594,-0.4000922509917848,-0.013903556826393422,-0.2038018725161757,0.1968236858310748,0.4159524553016991,0.4216738016158311,-0.4441059111318305,-0.521884886188258,0.055227508154341264,1023,895,0,7.0,0
0,-0.17511889262088792,-0.2925898574545768,-0.01275127259661553,-0.2034125198442666,0.2045040606127172,0.3815704891110789,0.4591907425791633,-0.4174173321970608,-0.662217286552876,0.08260617119293116,1023,817,0,7.0,0
0,-0.1791375677533069,-0.25179590155066234,-0.01272221115981819,-0.2051428339490743,0.17856745670766974,0.3874551205584608,0.4878333172299281,-0.4048811841314638,-0.8122416361238817,0.12411125498194407,1023,769,0,7.0,0
0,-0.2091690748831561,-0.2684112173198623,-0.013154737706585715,-0.20712587638674848,0.1553505309560674,0.4505511576838988,0.4937233162698062,-0.42023592330881615,-0.9432559012766916,0.1622675670598099,1023,726,0,7.0,0
0,-0.2251525952002934,-0.27980924926823475,-0.013176219336457013,-0.20774785456088254,0.16194937860249803,0.5314517600551215,0.4859791815770767,-0.4516255281343165,-1.049423973485915,0.18057056652408826,1023,713,0,7.0,0
0,-0.21853398675575145,-0.25905399402919604,-0.01268951903797752,-0.20713965954863667,0.18843445993333954,0.5788362458873909,0.4880438647132833,-0.47135254232293705,-1.1352596040441152,0.18632568824950094,1023,753,0,7.0,0
0,-0.20963467231210536,-0.2354798041064775,-0.012518276769154313,-0.20641709516041745,0.20516627181572325,0.5801764809826638,0.5119371057755446,-0.4616906424139174,-1.2021869982351232,0.20083040186250656,1023,791,0,7.0,0
0,-0.2126543164094891,-0.2413154499277023,-0.013430331349681605,-0.2061885384727912,0.19631019229247,0.5650157788326923,0.5473030678393873,-0.4314654630947646,-1.252149746617191,0.2301168495355942,1023,813,0,7.0,0
0,-0.22035280715644054,-0.2697568325434362,-0.01499650548207399,-0.2060562041367949,0.1710101407387412,0.5680576821711709,0.5772921109062942,-0.4060303703126795,-1.2954648529049848,0.2543368080916069,1023,842,0,7.0,0
0,-0.22136346767018486,-0.2931470060529185,-0.015834796934381917,-0.2054029035623157,0.14974149430051792,0.5980551329747911,0.5960101665856657,-0.4027902216311559,-1.3441179034451656,0.25060519615528776,1023,868,0,7.0,0
0,-0.2175509232926448,-0.3011136508113495,-0.0151580691758504,-0.20437419232556786,0.14827429975891038,0.6379545607146051,0.6067763588666689,-0.4189137279130911,-1.397076889230792,0.22199429016209196,1023,840,0,7.0,0
0,-0.21790088489569348,-0.3043458838484337,-0.01370568370550805,-0.20379891508368148,0.1697221615495821,0.6655016570068407,0.6140724325214573,-0.4396210452158878,-1.440070080838202,0.19461872322730345,1023,808,0,7.0,0
0,-0.2235128996101825,-0.3100676522732547,-0.012976091061279308,-0.204137301204572,0.20079520988384936,0.6730720740041148,0.6254723321995345,-0.4520854802659692,-1.4615752890300069,0.18460399421724705,1023,770,0,7.0,0
0,-0.2269642737674159,-0.3110056254064795,-0.013835918468583334,-0.20486435998607608,0.2172804309992424,0.6722182844815348,0.6526758791875027,-0.4511548217522083,-1.4622718689474885,0.18005586063410087,1023,730,0,7.0,0
0,-0.22405928597151087,-0.29967380007622635,-0.015873395656658348,-0.2051181123804443,0.20541377127646385,0.6796018677731617,0.6977492045640941,-0.4387699934041568,-1.4473780835594452,0.16427096373806005,1023,738,0,7.0,0
0,-0.219206244099944,-0.28204885547136355,-0.017672444759018732,-0.2047026086929257,0.1798510519924582,0.6985807512329918,0.7406739788205611,-0.4229126606851354,-1.4179441926904546,0.14497702572395404,1023,758,0,7.0,0
0,-0.2180746662273645,-0.2714583298917947,-0.01773921074782075,-0.20411242003869634,0.16917456227004735,0.7169963704834627,0.7539525894709389,-0.414020214500764,-1.3731475236798132,0.14426203631904502,1023,788,0,7.0,0
0,-0.2196731983588384,-0.2736793244704074,-0.01573285400569083,-0.20369597347702492,0.1793417973569555,0.7211614563034761,0.7351614383890112,-0.4166666520106821,-1.3137542942081002,0.164720440409503,1023,809,0,7.0,0
0,-0.21886162781114535,-0.2827921658367102,-0.01295692360729568,-0.2032758399141774,0.18329484039966226,0.7071888888038566,0.7166442357654771,-0.4241699600125801,-1.238969405569717,0.18300111324837187,1023,837,0,7.0,0
0,-0.2146440348863877,-0.2896045607982339,-0.011310711917591271,-0.20274685697084108,0.15663529599379095,0.6804628908382796,0.7331315596635241,-0.4247793494456739,-1.1464346928785123,0.17788765055272004,1023,878,0,7.0,0
0,-0.2119492596935431,-0.28969539295388225,-0.01173054275632202,-0.20254317929573584,0.11512509072066415,0.6507911354569583,0.7814884389784353,-0.4143322984657445,-1.0405783015577874,0.15120912312031842,1023,853,0,7.0,0
0,-0.2143690211188067,-0.2836302627952869,-0.01380603555464672,-0.20300413137681356,0.1015287331877733,0.6296843136813199,0.8224149092508923,-0.40101904200593097,-0.9349444496207376,0.11854683587970274,1023,799,0,7.0,0
0,-0.2185798825557949,-0.2744219142211756,-0.016482566959661892,-0.2035866744754198,0.13427929260563112,0.6274816936137573,0.8254829818770754,-0.3968322779176939,-0.8385473563444727,0.09173774493304017,1023,747,0,7.0,0
0,-0.21894896158659052,-0.2674186155297866,-0.01855009616241128,-0.20340565427488014,0.18181987000075106,0.6478597816761978,0.8039879751849452,-0.4051412360219898,-0.7424837225559925,0.07707857687870891,1023,739,0,7.0,0
0,-0.21517715564121664,-0.2682740925124794,-0.018796737334007944,-0.20248445584546326,0.19674983821107134,0.6831625541635125,0.7966039778536709,-0.4170288802479384,-0.6269403790838619,0.0812549194080195,1023,770,0,7.0,0
0,-0.20995052287261648,-0.2739932421896064,-0.016725526247890983,-0.2017655870131128,0.17083856908862935,0.7162281180360195,0.8197870280049692,-0.4197478587883893,-0.4808712514090258,0.10566689156820236,1023,714,0,7.0,0
0,-0.19933912837964932,-0.2659151193516534,-0.013520579748774549,-0.2018446539679204,0.14323933796942315,0.7305041642501848,0.8525101339368734,-0.4090905680108064,-0.31074252357558585,0.13322178429727086,1023,674,0,7.0,0
0,-0.1744865905815866,-0.22274439452862735,-0.011633955106851649,-0.20246387287837925,0.14910913606644965,0.7237340539585099,0.8699338825805609,-0.3932492480243963,-0.13262722201031518,0.13259613814996668,1023,702,0,7.0,0
0,-0.13994665063879927,-0.15240372841379132,-0.01266613754466215,-0.20348680167036468,0.17434059772485996,0.7131090562896246,0.8745271368511093,-0.3839848419062433,0.03928830075924312,0.08782101596882877,1023,749,0,7.0,0
0,-0.12329852449759035,-0.1055889039215006,-0.015731285271393794,-0.20549583194178012,0.17766874480823494,0.7199098847179332,0.8810443971612123,-0.3850312521969169,0.1980746909213887,0.021637648409774852,1023,803,0,7.0,0
0,-0.15149356452167906,-0.1372430474071339,-0.018369531390660915,-0.20862009245754384,0.14943045697755594,0.7431757869712895,0.8852646659610575,-0.3905186039056911,0.34147581040268404,-0.023650188582428053,1023,835,0,7.0,0
0,-0.2148982050230844,-0.2454868180886819,-0.018963056096563843,-0.2112161897467963,0.12558985718244112,0.7557868612045927,0.8702903721726081,-0.3932901131352663,0.4629071390206442,-0.03309120741241222,1023,859,0,7.0,0
0,-0.26793055656911713,-0.3618193473369697,-0.017846518033143417,-0.21090260786334208,0.13933374830507156,0.7370346914465067,0.8393357102945096,-0.3924452224911659,0.5463125147211835,-0.035278039737493896,1023,839,0,7.0,0
0,-0.2738386667124957,-0.41329788467037576,-0.01632455143592989,-0.20734944893701274,0.17580239088528996,0.7042702844029047,0.8171935163892283,-0.39388491059613023,0.5777153329266033,-0.0630543765503127,1023,789,0,7.0,0
0,-0.2415742900632337,-0.3875572230149651,-0.015323382623442941,-0.2032855628423138,0.18806547853515307,0.6976751998608997,0.8132683394413833,-0.40533027791820425,0.5657669776627474,-0.10937518836164564,1023,779,0,7.0,0
0,-0.21090710594672646,-0.32954538450944665,-0.014982772815071215,-0.20195121341123612,0.15535938815850478,0.7307225033909046,0.8051804622643117,-0.4279249543609424,0.5438605851643264,-0.13889073181027856,1023,790,0,7.0,0
0,-0.20741855690197908,-0.28546951878394106,-0.014889736662892028,-0.20380970683789168,0.11270452085099733,0.7687164542046222,0.7733311013078916,-0.4491875180311734,0.5438258344215895,-0.13904249054076212,1023,796,0,7.0,0
0,-0.2217464526747004,-0.26495338378033634,-0.0145836935945931,-0.20645430545184254,0.11099347140188982,0.7674580380215162,0.7355667289420498,-0.4483230471026587,0.5698907363493471,-0.1376968177400834,1023,804,0,7.0,0
0,-0.2301175934163009,-0.25395246506971003,-0.014211056797215366,-0.20754588677017452,0.15172818474555222,0.7270151254795064,0.726009935190903,-0.4167010271934228,0.6056627879404257,-0.16110936446936722,1023,813,0,7.0,0
0,-0.2235114867241128,-0.2453219454340973,-0.01450632095828064,-0.20695963407216886,0.18176134417032924,0.6920479004495339,0.7452322137826078,-0.3735492346626117,0.6439973972797476,-0.19243689112478166,1023,792,0,7.0,0
0,-0.2121572246532516,-0.2457095544400637,-0.01569893244946531,-0.2060172876955356,0.16174656710321805,0.6974351307537898,0.7548149725095618,-0.3528771012284396,0.6989903529084409,-0.1931900692471619,1023,772,0,7.0,0
0,-0.20857062333296428,-0.2597591750792415,-0.016801347736098732,-0.20566771474230344,0.1188630863357337,0.7291502281025857,0.7274431353239937,-0.3694827541325235,0.7858909970225529,-0.16041255740538518,1023,809,0,7.0,0
0,-0.2134611383207803,-0.27904674260436946,-0.016556881576038216,-0.20593361551811146,0.10964119013237936,0.746818820471551,0.6844089366518334,-0.40272016933915933,0.8976840769177762,-0.1371366258202337,1023,828,0,7.0,0
0,-0.21627078999004445,-0.2866568208847524,-0.014818624626434159,-0.2063706300195334,0.1437307662520951,0.7319776109275821,0.6688738566422775,-0.42010461743082667,1.0060811119320925,-0.15716669074083034,1023,806,0,7.0,0
0,-0.20414348249275094,-0.26628977230380124,-0.012544622815816612,-0.2063997451939544,0.17558073066960678,0.7014670303708751,0.6895117676708815,-0.4136485899087984,1.0812127052377731,-0.20041355352412984,1023,781,0,7.0,0
0,-0.17290168897711522,-0.21119696421188355,-0.010772208906430705,-0.2056266848099745,0.17220586360652598,0.6806917732664801,0.7077208194982871,-0.4046484547915404,1.1083193377005314,-0.22134723052251795,1023,785,0,7.0,0
0,-0.13718937364473374,-0.13899037684359095,-0.010002304983641323,-0.2043814572700804,0.15603636477921232,0.6782027986081449,0.6847844701782316,-0.4129913076097632,1.0910302087428805,-0.2085853146395537,1023,797,0,7.0,0
0,-0.12826611040753208,-0.0990867857582514,-0.01020624804504652,-0.20364144809778864,0.16399009437611994,0.6867043083045404,0.6287338671309721,-0.4317872043333125,1.0444459184783326,-0.19279219836978487,1023,798,0,7.0,0
0,-0.16819631202860003,-0.14297896209187544,-0.010910298940583662,-0.20396010216492785,0.1902021661401807,0.6973003330033254,0.5824229944061032,-0.4380622244621393,0.9848222779133128,-0.19882643460925445,1023,788,0,7.0,0
0,-0.2391669952636893,-0.26772118415912083,-0.011409409204939984,-0.20464711738177965,0.19795874346456416,0.7061737609669491,0.5708982399258684,-0.4223048552489762,0.922237798358449,-0.21393481233787026,1023,781,0,7.0,0
0,-0.28908637095722844,-0.3984267797353052,-0.011302882991644655,-0.2043732779151516,0.17673180343145822,0.7106423240720969,0.5759481696200153,-0.3994241300796881,0.8606934490617554,-0.21083799548032975,1023,801,0,7.0,0
0,-0.28005381741675106,-0.44821998241007,-0.010850005085404379,-0.20254923742176534,0.15722199771326598,0.7039882254135765,0.5649725365202117,-0.39138270462358205,0.8035654139296998,-0.18498163925967911,1023,828,0,7.0,0
0,-0.2280348705502944,-0.3985528154301363,-0.010616343261493426,-0.1999404807700696,0.1676151110901422,0.6777738243838553,0.5304941935612048,-0.4038223184754312,0.7563862943558709,-0.1559431232159968,1023,812,0,7.0,0
0,-0.18485086106201848,-0.31006703771089184,-0.010807092164984437,-0.1979816728226633,0.19772989327462906,0.63252877427612,0.49148212045479106,-0.4202066167778704,0.7223935109686458,-0.14119588320483212,1023,771,0,7.0,0
0,-0.18308304140621465,-0.2557941614143839,-0.011138045477888268,-0.19755603872269853,0.21651435904865265,0.5856841981548727,0.4649354944576957,-0.4177099618441712,0.6958553472820959,-0.14178261672693696,1023,766,0,7.0,0
0,-0.2086371902916556,-0.2560551946237417,-0.011372612770646915,-0.1983308097128692,0.21138197624680272,0.5618923541186062,0.4502796774496288,-0.3904981058565752,0.6624940716320173,-0.15002145142832102,1023,770,0,7.0,0
0,-0.2268633295654545,-0.2793296035830344,-0.011743503203532894,-0.19915618244994127,0.19621829425975326,0.5692397284031582,0.4408978348649554,-0.35854105241422546,0.6099492166475139,-0.15753927378873833,1023,775,0,7.0,0
0,-0.2231428726736432,-0.29034671307931403,-0.012573329036763252,-0.1990683074201047,0.1855483288924914,0.5876604802179012,0.43750347912650456,-0.3510452152215545,0.5389317409653959,-0.15313069870129753,1023,799,0,7.0,0
0,-0.2110970891990944,-0.28400849754474233,-0.01349903305783943,-0.19790525550492807,0.17798741290106496,0.5875724845844427,0.4421874155073787,-0.37834552319497294,0.4616232598240669,-0.12523884219758144,1023,782,0,7.0,0
0,-0.2081728967414838,-0.2763825736932645,-0.013501017254466003,-0.1961344102290902,0.1709883099609508,0.5600823604919067,0.4459809496077929,-0.4201023446353635,0.3877218160623387,-0.07689989790484546,1023,766,0,7.0,0
0,-0.21269905884486198,-0.2747553746165459,-0.012093260242824007,-0.1944379968592772,0.17618497507945868,0.522881121583852,0.4339065391873288,-0.4426213691414394,0.3148890825191822,-0.03271376166580958,1023,781,0,7.0,0
0,-0.20622993986322186,-0.2632564475256228,-0.010247440655872377,-0.19348717880094635,0.20370917942541045,0.4958278724072541,0.40409893682168,-0.4286692205933855,0.2345856474318309,-0.01883931148962186,1023,787,0,7.0,0
0,-0.17629277382695904,-0.22092876616028329,-0.009549954870090546,-0.19364776040323475,0.2380291754191097,0.4790499473566725,0.3738531574764784,-0.3915418612924792,0.14339370709914742,-0.03504581112919363,1023,774,0,7.0,0
0,-0.13710978918742406,-0.1575633482932337,-0.010402803541010443,-0.1946616464897672,0.2480168874863716,0.4601562039160646,0.3626471925741706,-0.36212665593751625,0.04501798997565153,-0.05553192637950667,1023,776,0,7.0,0
0,-0.1248749535491624,-0.12585824684804903,-0.011615866754437631,-0.19591983195834395,0.22291477347856573,0.4359384390963129,0.3740068273462288,-0.3622506142749311,-0.05556439782514263,-0.058994668361832675,1023,788,0,7.0,0
0,-0.16334136188677745,-0.17887788283919173,-0.012026706485971952,-0.19713774055428465,0.18483393778371734,0.4173869791869124,0.3960273483835636,-0.3868476498739302,-0.15504248490798467,-0.04838331747150928,1023,813,0,7.0,0
0,-0.2309992300854996,-0.30491253565718074,-0.01207048622245525,-0.1983546355157452,0.16301216125219806,0.41438312895085583,0.4130384124710961,-0.4092975698558112,-0.2518375776409256,-0.038022215904795535,1023,814,0,7.0,0
0,-0.27304788912120925,-0.4193438157136427,-0.013215973960956064,-0.19923100534973567,0.1669914827461889,0.4236860043418295,0.4137779955033604,-0.406471898976602,-0.3501651157991185,-0.03329572687648825,1023,780,0,7.0,0
0,-0.25578835027321384,-0.4404407602461457,-0.015866565108564663,-0.1989960883239094,0.1861927115881173,0.43484315270209856,0.3959464953222874,-0.3814115751293634,-0.4623806730068962,-0.03148721655160435,1023,769,0,7.0,0
0,-0.20367176211722535,-0.3703952633403229,-0.018357192116914202,-0.19751184752838225,0.2024110815329388,0.4433007034136762,0.3694431614838768,-0.35953423720923583,-0.5987079371910168,-0.033263401808545714,1023,755,0,7.0,0
0,-0.17220866851115055,-0.28693788882052085,-0.01857391608669964,-0.19599460713953928,0.20013624398712895,0.4539716015384434,0.3516062575205203,-0.36028415969661165,-0.7537489425562733,-0.04238120472604543,1023,748,0,7.0,0
0,-0.187295561672262,-0.2567555798882953,-0.016493160585876892,-0.19604244955367964,0.1793620910921753,0.4730708830100488,0.3532397581257797,-0.3761896841782824,-0.9103210572078504,-0.058217902199383435,1023,784,0,7.0,0
0,-0.22294520838487572,-0.2739233466747607,-0.01440225356374157,-0.1978413593979182,0.16337116848057992,0.4988675455160525,0.36868973282649947,-0.3845721567865516,-1.0571052524096591,-0.07586466849901909,1023,797,0,7.0,0
0,-0.2391233219043673,-0.28764547110553546,-0.01424484116786359,-0.1997793116788526,0.17950346189387803,0.5221506541121012,0.3808715851064495,-0.3761855736723956,-1.1950014293775293,-0.09011149320318286,1023,792,0,7.0,0
0,-0.22762838306077504,-0.2719239527879728,-0.015441977588002243,-0.2001594470664078,0.22463360350707254,0.5373062490561442,0.37493946798562805,-0.36365429847767616,-1.3249411821591883,-0.09522187918385634,1023,734,0,7.0,0
0,-0.21216729755517733,-0.2496627574761744,-0.016080108208679632,-0.19903841177476175,0.2614110637447939,0.5516921762967562,0.34757440322254324,-0.3620229828503216,-1.4384350494061016,-0.08715119299682693,1023,676,0,7.0,0
0,-0.21239926089794736,-0.25328636437306884,-0.01571602316366983,-0.1979699299319782,0.256927327394825,0.5793026997142641,0.3085603032321653,-0.3715206747803874,-1.5265074322478116,-0.07252224633194089,1023,698,0,7.0,0
0,-0.22206754930269687,-0.2820367609584301,-0.0158322866419371,-0.1980807742616076,0.21681427000122744,0.6234930338423258,0.2770018884691701,-0.3832439063209411,-1.5928413061393296,-0.0692743453728432,1023,780,0,7.0,0
0,-0.2234845876871566,-0.3076503409952464,-0.017444840318373067,-0.1989299975370916,0.17442302395063486,0.6708263668549911,0.2696727701370195,-0.3913679146552201,-1.649367370457772,-0.08767634695829271,1023,826,0,7.0,0
0,-0.21232449319927876,-0.3112161673979885,-0.01938819576219546,-0.1993884354878813,0.15322424198302956,0.705569773868472,0.2849589351021944,-0.3925460002148917,-1.6997977917763643,-0.11122010928927616,1023,818,0,7.0,0
0,-0.20056838059251533,-0.3000966620214573,-0.01962748635728169,-0.1991748363636536,0.14767199643508042,0.7266448182605415,0.3021628692240967,-0.3827151537797137,-1.7368908926246518,-0.10658383941496932,1023,767,0,7.0,0
0,-0.19924752412323046,-0.2899718244254672,-0.017618741187285233,-0.19909431864687807,0.13936174523241454,0.7461116398462238,0.3045969506239837,-0.36512762119795306,-1.75819175433972,-0.05828758678119605,1023,764,0,7.0,0
0,-0.20637616948506227,-0.28396112987469657,-0.014624692902081928,-0.19983134458909524,0.12498732616341746,0.7731148638946652,0.29846016385595603,-0.3552881508618977,-1.7736971893079103,0.010652281877159385,1023,768,0,7.0,0
0,-0.21294383079626214,-0.2764296095064788,-0.01209646725728005,-0.20090979862166689,0.12139132915424852,0.8033690258066805,0.30057820099942945,-0.3658122110020788,-1.7899224624583945,0.059858474663876685,1023,744,0,7.0,0
0,-0.21506091752879652,-0.2694548882997304,-0.010574941176808343,-0.20121565414636008,0.14114035456280727,0.824359152535063,0.3152293796168084,-0.3881877637535888,-1.7945650428383115,0.07506615866594786,1023,785,0,7.0,0
0,-0.2162459732319568,-0.27405970889422376,-0.010053481561827102,-0.20057546944049476,0.17161328895229214,0.8294918149682344,0.3350682816741409,-0.3998927967548852,-1.7700125715690336,0.08326799852165127,1023,841,0,7.0,0
0,-0.2198715844190348,-0.2937497104043153,-0.010558396244726638,-0.20034225396600247,0.18841313701341092,0.8282101101120684,0.35752685805085943,-0.3905509143348953,-1.7205493434535368,0.1177451005133262,1023,816,0,7.0,0
0,-0.22354746496716693,-0.3147301319016183,-0.01207472922765148,-0.2018522033946821,0.1850482823676736,0.8416365613261964,0.38487630527222,-0.37322355064627377,-1.6713426403842784,0.17652220669665702,1023,748,0,7.0,0
0,-0.22210727751646026,-0.3184076355714136,-0.014287510418149837,-0.20438779173007046,0.17623824457007006,0.8830949295218863,0.4123149758093189,-0.367033899007955,-1.6321779043807283,0.2317848901796246,1023,685,0,7.0,0
0,-0.2143931751085508,-0.3038044546374068,-0.01651828683324543,-0.20535422793606395,0.1722898063597163,0.9410744310598246,0.43121057899099,-0.37394450600953255,-1.5722038688831708,0.2762025310031521,1023,708,0,7.0,0
0,-0.20571726546129704,-0.30584242117971605,-0.01764596717277321,-0.20286692306952805,0.16242482048186946,0.9879086989686942,0.43989966947243,-0.3780026739778769,-1.4465726528215768,0.3314826043095945,1023,845,0,7.0,0
0,-0.20346236398689324,-0.4094077090718127,-0.015968598292374583,-0.19781822995350476,0.11846370639438755,1.0089708578600929,0.4376633277203079,-0.3671975786858055,-1.2505458907954776,0.39730557199195743,1023,874,0,7.0,0
0,-0.2095282721801594,-0.7201751190625046,-0.009038713714060773,-0.1927271132165778,-0.008861770321754545,1.0178317021991417,0.4262357275750111,-0.35095000008548605,-1.0350635291613797,0.42579940728407856,1023,336,0,7.0,0
0,-0.21600106029154176,-1.2400585752869684,0.005853708843985787,-0.1886023991862986,-0.27336163511029943,1.0394792905905803,0.4460410059884698,-0.35077047566056563,-0.8514262465793796,0.3895460784897801,1023,578,0,7.0,0
0,-0.2095298929611009,-1.796103676384068,0.02802297013025446,-0.1846134770180564,-0.6033158481356756,1.0770196888879295,0.5596403677479677,-0.373472386458538,-0.6691662735251219,0.3345295128459169,1023,953,0,7.0,0
0,-0.18412924558449625,-2.2756552426231993,0.047204697910159236,-0.18233429219544264,-0.6554365279162567,1.0839269920733072,0.6955545584814641,-0.3991000106075152,-0.3718090469927505,0.26970423479753425,1023,380,0,7.0,0
0,-0.1523487136437331,-2.8719285947191584,0.04540806014428614,-0.187711494790624,-0.03621386683346276,0.9744322934019168,0.570875428132964,-0.4005612901277329,0.11105274924737094,0.05747153251820741,1023,83,0,7.0,0
0,-0.14043692725571955,-3.622673056198908,0.01487539114646032,-0.20389802708202984,1.0785467746435018,0.7066256315091181,0.025306206116761456,-0.3738893444905957,0.6684924794487895,-0.3801799010755504,1023,206,0,7.0,0
0,-0.16561568633930754,-3.620174606724942,-0.024894301586143745,-0.22274232508310915,1.7601209348163942,0.38087176851856375,-0.5270435066345229,-0.34317054694236204,1.090166171383511,-0.7650739320118869,1023,879,0,7.0,0
0,-0.21599171670267966,-1.5375088966918926,-0.039811549818937565,-0.2300110032587055,1.2304523300655583,0.20239516336833085,-0.3548988165832451,-0.3340221041873695,1.3110400860365672,-0.6922546515392518,1023,1023,0,7.0,0
0,-0.2575594363147859,2.3468237238621543,-0.017826409692930114,-0.2215877834627985,-0.08119058824714892,0.2846807258995576,0.6404331425332962,-0.3477572077508449,1.4778944535813745,-0.2341360008182295,1023,1023,0,7.0,0
0,-0.264764489990889,5.2845471901370304,0.01493104240866811,-0.209284132130752,-0.8785255942332059,0.5117586678372051,1.572473121442596,-0.3651209165226518,1.7242733887328865,0.0368125576783112,1023,1023,0,7.0,0
0,-0.24239469147697085,4.387291657539123,0.02252874085950447,-0.2070395285790019,-0.4998726805910027,0.6483268639727437,1.5443545943765913,-0.3704360550186649,1.9782882973305809,-0.20749837379772015,1023,1023,0,7.0,0
0,-0.21606526716790367,-0.06792446034362969,-0.0013028640627450352,-0.21523487682096729,0.3676219606369117,0.5781655466840661,0.7496580378183724,-0.3663303150054491,2.0722752710358416,-0.6066398294719999,1023,1023,0,7.0,0
0,-0.205291427995037,-4.48824417148299,-0.029965900906366232,-0.2227578887032529,0.6665928971581244,0.3939415034752444,0.17945776533057173,-0.366626804999618,1.9824440753189336,-0.6364344328208411,1023,1023,0,7.0,0
0,-0.2097012568845749,-5.476267689343238,-0.03700179097172397,-0.2219405336256225,0.2509974430270228,0.2595208014749581,0.3547625257755986,-0.3795625290289745,1.8755416656507653,-0.3189812177665952,1023,814,0,7.0,0
0,-0.2178759780742653,-3.0139171747325784,-0.022897855770106414,-0.21636049709406768,-0.15621742910001765,0.2352924040815836,0.8088251028080302,-0.3983119571052544,1.9211204010168768,-0.123552732965815,1023,542,0,7.0,0
0,-0.22187303222693486,0.1303404688639912,-0.00756646063567588,-0.21387752154912695,-0.034642364906020594,0.26485304567610435,0.8709600396302846,-0.4067612708154415,2.1073708806600333,-0.2949969628844825,1023,463,0,7.0,0
0,-0.22107008984683346,1.5929196033340096,-0.0045687716103012714,-0.2164964212319664,0.35135530928336983,0.2921601122731337,0.5387461225165928,-0.3963867788513191,2.268842359168892,-0.5763425407695145,1023,599,0,7.0,0
0,-0.21767863129174106,1.3486064744311357,-0.009693420492618423,-0.21968085294300646,0.458170189131882,0.3232833669275557,0.3295859498564194,-0.37793946574029935,2.28228083709939,-0.6060213421713636,1023,771,0,7.0,0
0,-0.21402365374114804,0.7156339847859555,-0.012248277211149487,-0.21948305883289626,0.19265197576281776,0.3636950919768683,0.5112249150614839,-0.37194402841854296,2.199852036575204,-0.3617229082780056,1023,832,0,7.0,0
0,-0.21274437546626085,0.39728789376286255,-0.00967058177429641,-0.2170535189698131,-0.06856909328839436,0.363753419080043,0.8061983155194601,-0.3848947039571903,2.1734579717449862,-0.1125475602259758,1023,844,0,7.0,0
0,-0.2150037321476744,0.04696000761024437,-0.007749983291038725,-0.2158989070759972,-0.027889276684281355,0.2812387392446663,0.8394476682124301,-0.3999498580373751,2.275563213393374,-0.06171855353369411,1023,818,0,7.0,0
0,-0.21811811304786566,-0.6690445349623525,-0.010621490280641969,-0.21706709754988807,0.20182751309859767,0.16586715605541574,0.6183284219820171,-0.39683554990099695,2.428417520250157,-0.16166605059434247,1023,792,0,7.0,0
0,-0.21831071354940665,-1.3488077766105893,-0.015618090830281513,-0.21854411466369444,0.3208879609924297,0.12151851174989332,0.4477344009869848,-0.3772204565091849,2.5016505460387486,-0.2415910681641613,1023,802,0,7.0,0
0,-0.21627219278987247,-1.38021089516002,-0.01780032158602941,-0.2184742373019283,0.2275425787056022,0.18574918449139105,0.5044136233748845,-0.3621361260721291,2.446286382919096,-0.21045683713712676,1023,802,0,7.0,0
0,-0.21670053474761208,-0.7709903750702843,-0.015918246771107144,-0.21734538464809428,0.08193580842087424,0.2882017708716726,0.6591904899503058,-0.3649174053893685,2.320903284229835,-0.11119032057330552,1023,799,0,7.0,0
0,-0.2213718218594901,-0.12123192122599212,-0.012533334580718057,-0.2167907918092052,0.0574268654266023,0.3347712158576032,0.7031765533002412,-0.37632545798854505,2.2027919864383296,-0.0348804342194336,1023,769,0,7.0,0
0,-0.22594304161347084,0.10162379914766284,-0.010303248666740188,-0.21732804527793464,0.14246655849226506,0.303917111523931,0.6128194018315931,-0.38006803439485976,2.0975799998155518,-0.027417995194449214,1023,727,0,7.0,0
0,-0.2256111663937133,-0.016435353706079396,-0.009837704980487057,-0.21802729492490508,0.2053922550251666,0.2490884304777371,0.5299810283109133,-0.3741164999715901,1.9493655982550973,-0.06910611511808701,1023,734,0,7.0,0
0,-0.22152930717267044,-0.13226914978950352,-0.010375019238130905,-0.21800540677316996,0.17952101457919847,0.2258969045019796,0.5520486815114177,-0.36875007835407625,1.7267703498592863,-0.11397536876814746,1023,729,0,7.0,0
0,-0.2190143342120771,-0.11932188070127475,-0.011049019360551065,-0.21747579591174085,0.12423978797960533,0.23667049391127726,0.6275763121417904,-0.3688968598769797,1.4665223228164836,-0.1356355535359851,1023,619,0,7.0,0
0,-0.22057799258725105,-0.12008869507109167,-0.011358670665423109,-0.2172072090664304,0.12223284769990762,0.2470632687490629,0.6517087484649907,-0.3682023704647208,1.218518505154738,-0.14115684703770232,1023,601,0,7.0,0
0,-0.22333049204325933,-0.2507538804795141,-0.011204923091477095,-0.21745507801759745,0.1719194433040607,0.2406811805344263,0.5980034909118644,-0.36005647761628645,0.9714107294500288,-0.1531714709756561,1023,849,0,7.0,0
0,-0.22317261808547265,-0.4251530512108326,-0.010894195110312891,-0.21778737141162832,0.2030798817396853,0.23738734001061415,0.5275360438211643,-0.34690416709666605,0.6594583137529101,-0.18611105701135308,1023,986,0,7.0,0
0,-0.2193254803928764,-0.4856321597995013,-0.010978129724254736,-0.2177824696492716,0.17544847215133255,0.2564026320668475,0.5010740494990129,-0.3369887855648081,0.2416294716078833,-0.2304073291164117,1023,773,0,7.0,0
0,-0.214023966759645,-0.4025237126211461,-0.011938379428507971,-0.21753363666066844,0.13018736418840215,0.28569936278502955,0.5178102435686399,-0.33637187052077244,-0.2398579608286766,-0.2417488743218557,1023,649,0,7.0,0
0,-0.20903699315023472,-0.28301879765176924,-0.01389980182680726,-0.21740341294717672,0.13419422976786133,0.3060496726007361,0.5323259522811558,-0.3450706799598621,-0.6811572665035743,-0.15812489271970626,1023,600,0,7.0,0
0,-0.2026562049409889,-0.22361578186872155,-0.01636213786880905,-0.21751772945215608,0.19131183794218826,0.32551832493538024,0.5043633860081225,-0.3573417116256867,-0.9938599963893952,0.024442768335719338,1023,608,0,7.0,0
0,-0.18927407857992629,-0.2138015877857842,-0.018138931128536682,-0.2176757164252658,0.2343559617278799,0.3596057513716512,0.43418490422445133,-0.36459120512128107,-1.1680364883893122,0.1839761156430217,1023,757,0,7.0,0
0,-0.16479678887422566,-0.1871271427230452,-0.018087236991205045,-0.2176760044135812,0.20763962239534225,0.3877348585143201,0.3724148906993968,-0.3607431942500284,-1.2712192777826816,0.15212631269760168,1023,901,0,7.0,0
0,-0.13779569997774266,-0.12696133593137982,-0.016387330973000182,-0.21755909648191554,0.1347064126824105,0.3678655253194866,0.3874769698139908,-0.3471405300656299,-1.3908294084382269,-0.08360047888690136,1023,956,0,7.0,0
0,-0.1325880632413471,-0.09401514928089792,-0.014745349697964524,-0.21749598913135584,0.08948970591735887,0.29948319331572204,0.4903691359033384,-0.33279359476620884,-1.5723604696320723,-0.31313647522505395,1023,943,0,7.0,0
0,-0.1688237201371842,-0.15248113942519026,-0.014734507001961737,-0.21754866409434984,0.1110365306982891,0.2397048665842613,0.5961973419000378,-0.3286228414616397,-1.8021742667684677,-0.3172125424153958,1023,901,0,7.0,0
0,-0.2323981640715752,-0.2867115865361825,-0.01616691406446437,-0.21762376338740744,0.1636769123395317,0.24309895563656506,0.6003641610894145,-0.3382508987834575,-2.0391669256821934,-0.11704986805510972,1023,778,0,7.0,0
0,-0.2777611452400917,-0.4055379421918944,-0.017634604376723366,-0.2176251349011748,0.18495684679496716,0.3041889707786002,0.4972109510813699,-0.35295725417511425,-2.2511511617476567,0.07035378010608788,1023,569,0,7.0,0
0,-0.2709083790369401,-0.430549860370508,-0.01834128153052219,-0.21757022586127706,0.1623173462818394,0.3664631863996598,0.38543941930934733,-0.3587808897904957,-2.4159211429379903,0.11085371997350747,1023,486,0,7.0,0
0,-0.2257501244533457,-0.3695055772928261,-0.01876152683616817,-0.21753966912070444,0.1458021441371636,0.3721313504801153,0.3478511111399708,-0.35124359012253625,-2.511368488230798,0.08885343283689259,1023,543,0,7.0,0
0,-0.18780309820951155,-0.29565227730821325,-0.0197374191008744,-0.21756391634182995,0.17887415699083736,0.3019909460467461,0.3643975253630383,-0.3406799656827359,-2.5406123768032147,0.1383289182219544,1023,646,0,7.0,0
0,-0.1847840234815543,-0.26498557235600845,-0.02158830131553746,-0.2175996030396316,0.23521781002655154,0.1888710860060541,0.3643328394765085,-0.3402572370205389,-2.560635317528828,0.2338807124521309,1023,800,0,7.0,0
0,-0.204032601130064,-0.27002753955982683,-0.023960812327698082,-0.21760083547116996,0.24890160522870594,0.10192922683552906,0.33022873378964185,-0.3506433197973252,-2.642290103278879,0.2355733190765255,1023,964,0,7.0,0
0,-0.21765802177738086,-0.27304263424949576,-0.02587350224055136,-0.2175750553823854,0.2019902032873848,0.10145875551960404,0.3092514058479978,-0.359646017211203,-2.7873610242578115,0.1004744774228843,1023,1023,0,7.0,0
0,-0.2162557658786249,-0.2626561935801009,-0.02590536176902184,-0.21756027269820027,0.15060540201746164,0.19133635374376,0.3302871902410844,-0.35656945173173754,-2.913280842926381,-0.051379319242018315,1023,1023,0,7.0,0
