-77.76,152.41
-65.75,152.41
-37.56,152.41
2.83,152.41
47.99,152.41
91.61,152.41
129.58,152.41
160.01,152.41
182.30,152.41
196.85,152.41
204.64,152.41
205.76,152.41
198.69,152.41
181.91,152.41
155.26,152.41
120.08,152.41
79.14,152.41
36.22,152.41
-4.60,152.41
-39.28,152.41
-64.73,152.41
-78.85,152.41
-80.96,152.41
-71.82,152.41
-53.43,152.41
-28.57,152.41
-0.79,152.41
26.07,152.41
48.57,152.41
63.71,152.41
69.63,152.41
65.78,152.41
53.03,152.41
33.45,152.41
10.06,152.41
-13.63,152.41
-34.18,152.41
-48.39,152.41
-53.90,152.41
-49.69,152.41
-36.27,152.41
-15.37,152.41
10.22,152.41
36.99,152.41
61.32,152.41
79.79,144.03
89.49,144.03
88.63,144.03
76.85,144.03
55.33,144.03
26.62,144.03
-5.70,144.03
-37.37,144.03
-64.31,144.03
-82.81,144.03
-90.43,144.03
-86.18,144.03
-70.65,144.03
-45.91,144.03
-15.49,144.03
16.57,144.03
45.96,144.03
68.87,144.03
82.40,144.03
84.92,144.03
76.25,144.03
57.52,144.03
31.35,144.03
1.21,144.03
-28.57,144.03
-54.05,144.03
-71.56,144.03
-78.64,144.03
-74.26,144.03
-58.86,144.03
-34.59,144.03
-4.78,144.03
26.53,144.03
55.46,144.03
78.37,62.64
92.51,62.64
96.40,62.64
89.96,67.48
74.76,67.48
53.83,67.48
30.60,67.48
8.34,67.48
-10.00,67.48
-22.03,67.48
-26.13,67.48
-21.82,67.48
-9.95,67.48
7.51,67.48
27.62,67.48
47.16,67.48
63.12,67.48
73.16,67.48
76.05,67.48
71.65,67.48
60.84,67.48
45.13,67.48
26.28,67.48
6.57,67.48
-11.57,67.48
-26.08,67.48
-35.22,67.48
-37.92,67.48
-33.94,67.48
-23.88,67.48
-9.03,67.48
8.62,67.48
26.73,67.48
42.93,67.48
55.16,67.48
62.07,67.48
63.18,67.48
58.83,67.48
49.93,67.48
37.96,67.48
24.66,67.48
11.93,67.48
1.47,67.48
-5.39,67.48
-7.82,67.48
-5.56,67.48
1.11,67.48
11.25,67.48
23.70,67.48
37.48,67.48
52.36,67.48
67.31,67.48
80.55,67.48
90.48,67.48
96.16,62.64
97.34,62.64
93.47,68.14
83.99,68.14
69.19,68.14
49.98,68.14
27.89,68.14
4.55,68.14
-16.22,68.14
-28.18,68.14
-27.15,68.14
-15.08,68.14
2.20,68.14
17.80,68.14
24.24,68.14
14.69,68.14
-15.51,68.14
-67.17,68.14
-136.79,68.14
-217.03,68.14
-296.34,68.14
-361.06,68.14
-396.87,68.14
-391.50,68.14
-341.94,68.14
-261.84,68.14
-170.66,68.14
-81.50,68.14
-2.45,68.14
62.75,68.14
113.15,68.14
149.34,68.14
169.55,68.14
167.16,67.48
134.58,67.48
68.87,67.48
-26.14,67.48
-141.62,67.48
-263.49,67.48
-372.19,67.48
-446.75,67.48
-468.26,67.48
-427.26,67.48
-338.02,67.48
-227.83,67.48
-115.39,67.48
-12.38,67.48
74.23,67.48
142.45,67.48
192.57,67.48
226.01,67.48
245.40,67.48
253.65,67.48
253.61,118.68
247.74,118.68
238.15,118.68
223.47,118.68
200.13,118.68
166.38,118.68
122.49,118.68
71.21,118.68
17.54,118.68
-32.79,118.68
-73.67,118.68
-99.57,118.68
-106.30,118.68
-91.83,118.68
-59.26,118.68
-16.85,118.68
27.27,118.68

Max three expired
67.94,118.68
102.58,118.68
129.25,118.68
148.25,118.68
160.29,118.68
166.41,118.68
167.86,118.68
165.82,118.68
161.36,118.68
155.40,118.68
148.60,118.68
141.51,118.68
134.53,118.68
127.91,118.68
121.75,118.68
111.38,118.68
87.14,118.68
41.29,118.68
-29.80,118.68
-124.28,118.68
-234.81,118.68
-346.91,118.68
-441.29,118.68
-495.88,118.68
-489.73,118.68
-424.37,118.68
-324.52,118.68
-213.10,118.68
-105.45,118.68
-10.53,118.68
66.99,118.68
126.29,118.68
168.49,118.68
195.53,118.68
210.11,118.68
215.13,118.68
213.20,150.59
206.64,150.59
192.33,150.59
161.03,150.59
104.63,150.59
19.64,150.59
-91.50,150.59
-217.97,150.59
-343.54,150.59
-452.03,150.59
-524.15,150.59
-537.45,150.59
-482.80,150.59
-378.93,150.59
-254.83,150.59
-130.49,150.59
-18.03,150.59
75.56,150.59
148.58,150.59
201.64,150.59
236.62,150.59
256.48,150.59
264.45,150.59
263.66,177.56
256.86,177.56
246.35,177.56
233.88,177.56
220.77,177.56
207.87,177.56
195.72,177.56
183.20,177.56
163.81,177.56
128.01,177.56
68.94,177.56
-15.08,177.56
-120.77,177.56
-239.39,177.56
-354.99,177.56
-446.54,177.56
-490.37,177.56
-466.23,177.56
-383.60,177.56
-273.13,177.56
-156.34,177.56
-47.08,177.56
46.38,177.56
121.19,177.56
177.14,177.56
215.39,177.56
238.53,177.56
249.50,177.56
251.30,177.56
246.64,177.56
237.75,177.56
226.26,177.56
207.31,177.56
171.97,177.56
114.71,177.56
34.12,177.56
-65.61,177.56
-175.60,177.56
-282.13,177.56
-366.64,177.56
-408.90,177.56
-391.32,177.56
-321.03,177.56
-224.42,177.56
-121.23,177.56
-23.90,175.91
59.59,175.91
126.48,175.91
175.66,175.91
207.79,175.91
226.77,175.91
235.96,175.91
237.61,175.91
233.83,175.91
226.41,175.91
216.86,175.91
206.30,175.91
195.54,175.91
185.11,175.91
175.34,175.91
166.39,175.91
155.90,175.91
136.89,175.91
101.29,175.91
44.12,175.91
-34.73,175.91
-130.68,175.91
-234.41,175.91
-330.77,175.91
-401.16,175.91
-425.93,175.91
-393.05,175.91
-314.77,175.91
-216.21,175.91
-114.88,175.91
-21.68,175.91
57.04,175.91
119.08,175.91
164.81,175.91
195.49,175.91
213.43,175.91
221.25,175.91
221.52,175.91
214.13,175.91
193.07,175.91
150.94,175.91
83.72,175.91
-7.51,175.91
-116.44,175.91
-232.84,175.91
-338.60,175.91
-413.06,175.91
-434.95,175.91
-395.15,175.91
-310.00,175.91
-205.50,175.91
-99.21,175.91
-2.61,175.91
78.57,175.91
142.33,175.91
188.92,175.91
219.78,175.91
234.96,175.91
231.88,175.91
210.18,175.91
173.92,175.91
129.18,175.91
82.45,175.91
39.58,175.91
4.69,175.91
-20.66,175.91
-37.41,175.91
-49.46,175.91
-62.10,175.91
-76.83,175.91
-90.63,175.91
-98.24,175.91
-94.75,175.91
-76.99,175.91
-44.27,175.91
-1.18,175.91
44.34,166.33
86.88,166.33
122.94,166.33
151.22,166.33
171.46,166.33
184.28,166.33
190.77,166.33
192.23,166.33
189.90,166.33
184.91,166.33
178.28,166.33
170.75,166.33
162.88,166.33
155.10,166.33
147.69,166.33
140.82,166.33
134.51,166.33
128.71,166.33
123.32,166.33
118.38,166.33
113.83,166.33
109.59,166.33
105.62,166.33
101.88,166.33
98.36,166.33
94.98,166.33
91.72,166.33
88.60,166.33
85.60,166.33
82.70,134.56
79.89,134.56
77.16,134.56
74.50,134.56
71.92,134.56
69.41,134.56
66.98,134.56
64.62,134.56
62.34,134.56
60.14,134.56
57.96,134.56
55.80,134.56
53.68,134.56
51.63,134.56
49.66,134.56
47.78,134.56
28.07,134.56
-36.76,134.56
-147.12,134.56
-280.16,134.56
-412.50,134.56
-529.56,134.56
-624.04,134.56
-693.47,134.56
-738.76,0.00
-762.45,0.00
-768.81,0.00
-761.74,0.00
-744.52,0.00
-714.26,0.00
-665.60,0.00
-598.35,0.00
-516.10,0.00
-424.51,0.00
-329.92,0.00
-238.41,0.00
-155.27,0.00
-84.32,0.00
-28.09,0.00
12.83,0.00
38.87,0.00
51.50,0.00
52.90,0.00
45.70,37.03
32.56,37.03
16.08,37.03
-1.53,37.03
-18.54,37.03
-33.75,37.03
-46.37,37.03
-56.03,37.03
-62.64,37.03
-66.45,37.03
-67.82,37.03
-67.15,37.03
-64.91,37.03
-61.52,37.03
-57.37,37.03
-52.74,37.03
-47.94,37.03
-43.24,37.03
-38.84,37.03
-34.94,37.03
-31.62,37.03
-28.87,37.03
-26.69,37.03
-25.04,37.03
-23.82,37.03
-23.00,37.03
-22.52,37.03
-22.29,37.03
-22.22,37.03
-22.18,37.03
-22.10,37.03
-21.92,37.03
-21.68,37.03
-21.40,37.03
-21.06,37.03
-20.65,37.03
-20.13,37.03
-19.44,37.03
-18.67,37.03
-17.94,37.03
-17.31,37.03
-16.77,37.03
-16.31,37.03
-15.78,37.03
-15.19,37.03
-14.56,37.03
-13.89,37.03
-13.17,37.03
-12.50,37.03
-11.92,37.03
-11.42,37.03
-10.98,37.03
-10.59,37.03
-10.23,37.03
-9.94,37.03
-9.73,37.03
-9.55,37.03
-9.39,0.00
-9.22,0.00
-9.00,0.00
-8.69,0.00
-8.38,0.00
-8.11,0.00
-7.87,0.00
-7.64,0.00
-7.43,0.00
-7.22,0.00
-7.01,0.00
-6.79,0.00
-6.58,0.00
-6.37,0.00
-6.16,0.00
-5.95,0.00
-5.75,0.00
-5.59,0.00
-5.46,0.00
-5.30,0.00
-5.12,0.00
-4.97,0.00
-4.84,0.00
-4.68,0.00
-4.46,0.00
-4.17,0.00
-3.81,0.00
-3.43,0.00
-3.10,0.00
-2.84,0.00
-2.62,0.00
-2.45,0.00
-2.32,0.00
-2.17,0.00
-1.94,0.00
-1.67,0.00
-1.44,0.00
-1.30,0.00
-1.31,0.00
-1.44,0.00
-1.63,0.00
-1.87,0.00
-2.12,0.00
-2.34,0.00
-2.55,0.00
-2.74,0.00
-2.87,0.00
-2.96,0.00
-2.96,0.00
-2.86,0.00
-2.69,0.00
-2.53,0.00
-2.48,0.00
-2.52,0.00
-2.62,0.00
-2.68,0.00
-2.67,0.00
-2.61,0.00
-2.51,0.00
-2.43,0.00
-2.46,0.00
-2.58,0.00
-2.73,0.00
-2.88,0.00
-3.01,0.00
-3.10,0.00
-3.15,0.00
-3.21,0.00
-3.29,0.00
-3.33,0.00
-3.29,0.00
-3.19,0.00
-3.06,0.00
-2.91,0.00
-2.76,0.00
-2.61,0.00
-2.51,0.00
-2.49,0.00
-2.55,0.00
-2.68,0.00
-2.81,0.00
-2.85,0.00
-2.89,0.00
-2.98,0.00
-3.14,0.00
-3.27,0.00
-3.27,0.00
-3.11,0.00
-2.80,0.00
-2.43,0.00
-2.10,0.00
-1.90,0.00
-1.83,0.00
-1.84,0.00
-1.90,0.00
-1.97,0.00
-2.00,0.00
-1.94,0.00
-1.84,0.00
-1.67,0.00
-1.43,0.00
-1.17,0.00
-0.87,0.00
-0.57,0.00
-0.40,0.00
-0.39,0.00
-0.52,0.00
-0.73,0.00
-0.96,0.00
-1.14,0.00
-1.21,0.00
-1.22,0.00
-1.19,0.00
-1.12,0.00
-1.04,0.00
-0.92,0.00
-0.73,0.00
-0.48,0.00
-0.13,0.00
0.28,0.00
0.70,0.00
1.07,0.00
1.38,0.00
1.62,0.00
1.82,0.00
2.07,0.00
2.39,0.00
2.77,0.00
3.09,0.00
3.24,0.00
3.20,0.00
2.98,0.00
2.67,0.00
2.33,0.00
2.03,0.00
1.83,0.00
1.70,0.00
1.62,0.00
1.53,0.00
1.40,0.00
1.29,0.00
1.25,0.00
1.24,0.00
1.26,0.00
1.28,0.00
1.30,0.00
1.27,0.91
1.13,0.91
0.88,0.91
0.59,0.91
0.31,0.91
0.01,0.91
-0.31,0.91
-0.61,0.91
-0.83,0.91
-0.97,0.91
-1.04,0.91
-1.03,0.91
-1.01,0.91
-0.97,0.91
-0.93,0.91
-0.93,0.91
-0.99,0.91
-1.09,0.91
-1.14,0.91
-1.17,0.91
-1.17,0.91
-1.15,0.91
-1.12,0.91
-1.08,0.91
-0.99,0.91
-0.80,0.91
-0.47,0.91
-0.01,0.91
0.49,0.91
0.87,0.91
1.06,0.91
1.07,0.91
0.93,0.91
0.53,0.91
0.10,0.91
-0.09,0.91
-0.17,0.91
-0.24,0.91
-0.36,0.91
-0.53,0.91
-0.71,0.91
-0.84,0.91
-0.92,0.91
-0.96,0.91
-1.01,0.91
-1.10,0.91
-1.21,0.91
-1.31,0.91
-1.35,0.91
-1.30,0.91
-1.20,0.91
-1.07,0.91
-0.94,0.91
-0.82,0.91
-0.75,0.91
-0.76,0.91
-0.78,0.91
-0.71,0.91
-0.50,0.91
-0.19,0.91
0.11,0.91
0.33,0.91
0.48,0.91
0.53,0.91
0.52,0.91
0.50,0.91
0.45,0.91
0.37,0.91
0.29,0.91
0.12,0.91
-0.12,0.91
-0.38,0.91
-0.63,0.91
-0.80,0.91
-0.91,0.91
-1.00,0.91
-1.08,0.91
-1.13,0.91
-1.12,0.91
-0.99,0.91
-0.70,0.91
-0.35,0.91
-0.08,0.91
0.08,0.91
0.11,0.91
0.01,0.91
-0.15,0.91
-0.29,0.91
-0.32,0.91
-0.19,0.91
0.06,0.91
0.32,0.91
0.56,0.91
0.80,0.91
1.02,0.91
1.03,0.91
0.82,0.91
0.80,0.91
1.02,0.91
1.15,0.91
1.12,0.91
1.03,0.91
0.97,0.91
0.95,0.91
0.93,0.91
0.86,0.80
0.93,0.80
1.12,0.80
1.19,0.80
1.10,0.80
0.69,0.80
0.19,0.80
-0.13,0.80
-0.37,0.80
-0.64,0.80
-0.93,0.80
-1.25,0.80
-1.55,0.80
-1.76,0.80
-1.85,0.80
-1.81,0.80
-1.69,0.84
-1.57,0.84
-1.42,0.84
-1.21,0.84
-0.95,0.84
-0.63,0.84
-0.31,0.84
-0.01,0.84
0.19,0.84
0.28,0.84
0.25,0.84
0.15,0.84
0.05,0.84
-0.03,0.84
-0.14,0.84
-0.33,0.84
-0.60,0.84
-0.89,0.84
-1.16,0.84
-1.39,0.84
-1.56,0.84
-1.68,0.84
-1.75,0.84
-1.78,0.84
-1.82,0.84
-1.90,0.84
-1.94,0.84
-1.87,0.84
-1.65,0.84
-1.27,0.84
-0.73,0.84
-0.12,0.84
0.48,0.84
1.06,0.84
1.44,0.84
1.56,0.84
1.65,0.84
1.70,0.84
1.72,0.84
1.76,0.84
1.79,0.84
1.82,0.84
1.79,0.80
1.68,0.80
1.53,0.80
1.32,0.80
1.05,0.80
0.73,0.80
0.48,0.80
0.40,0.80
0.28,0.80
0.04,0.80
-0.35,0.80
-0.83,0.80
-1.30,0.80
-1.74,0.80
-2.09,0.80
-2.32,0.80
-2.35,0.80
-2.17,0.80
-1.83,0.80
-1.43,0.80
-1.06,0.80
-0.79,0.80
-0.60,0.80
-0.48,0.80
-0.40,0.80
-0.37,0.80
-0.36,0.80
-0.36,0.80
-0.37,0.80
-0.38,0.80
-0.40,0.80
-0.36,0.80
-0.30,0.80
-0.28,0.80
-0.27,0.80
-0.28,0.80
-0.33,0.80
-0.45,0.80
-0.60,0.80
-0.75,0.80
-0.88,0.80
-0.98,0.80
-1.05,0.80
-1.10,0.80
-1.08,0.80
-0.94,0.80
-0.72,0.80
-0.49,0.80
-0.23,0.80
-0.01,0.80
0.12,0.80
0.13,0.80
0.04,0.80
-0.07,0.80
-0.14,0.80
-0.13,0.80
0.01,0.80
0.21,0.80
0.39,0.84
0.54,0.84
0.65,0.84
0.73,0.84
0.77,0.84
0.79,0.84
0.79,0.84
0.78,0.84
0.71,0.84
0.54,0.55
0.31,0.55
0.15,0.55
0.14,0.55
0.26,0.55
0.45,0.55
0.61,0.55
0.70,0.55
0.70,0.55
0.46,0.55
0.19,0.55
0.14,0.55
0.18,0.55
0.23,0.55
0.24,0.55
0.22,0.55
0.28,0.55
0.41,0.55
0.57,0.55
0.61,0.55
0.52,0.55
0.67,0.55
0.98,0.55
1.18,0.55
1.30,0.55
1.35,0.55
1.35,0.55
1.28,0.95
1.12,0.95
0.83,0.95
0.54,0.95
0.31,0.95
0.02,0.95
-0.37,0.95
-0.86,0.95
-1.41,0.95
-1.93,0.95
-2.42,0.95
-2.84,0.95
-3.08,0.95
-3.09,0.95
-2.88,0.95
-2.40,0.95
-1.73,0.95
-1.00,0.95
-0.35,0.95
0.16,0.95
0.52,0.95
0.77,0.95
0.95,0.95
0.95,0.95
0.76,0.95
0.76,0.95
1.04,0.95
1.21,0.55
1.29,0.55
1.47,0.55
1.61,0.55
1.62,0.55
1.46,0.95
0.96,0.95
0.16,0.95
-0.43,0.95
-0.63,0.95
-0.62,0.95
-0.52,0.95
-0.41,0.95
-0.36,0.95
-0.38,0.95
-0.49,0.95
-0.64,0.95
-0.75,0.95
-0.78,0.95
-0.72,0.95
-0.57,0.95
-0.41,0.95
-0.31,0.95
-0.29,0.95
-0.37,0.95
-0.50,0.95
-0.59,0.95
-0.62,0.95
-0.60,0.95
-0.60,0.95
-0.64,0.95
-0.71,0.95
-0.78,0.95
-0.81,0.95
-0.76,0.95
-0.66,0.95
-0.55,0.95
-0.43,0.95
-0.32,0.95
-0.19,0.95
-0.01,0.95
0.23,0.95
0.55,0.95
0.90,0.95
1.19,0.95
1.27,0.95
1.14,0.95
0.97,0.95
0.92,0.95
1.20,0.95
1.60,0.95
1.82,0.95
1.91,0.95
1.90,1.14
1.82,1.14
1.71,1.14
1.59,1.14
1.46,1.14
1.33,1.14
1.22,1.14
1.08,1.14
1.02,1.14
1.06,1.14
1.01,1.14
0.83,1.14
0.51,1.14
0.04,1.14
-0.56,1.14
-1.21,1.14
-1.83,1.14
-2.32,1.14
-2.64,1.14
-2.77,1.14
-2.72,1.14
-2.57,1.14
-2.35,1.14
-2.11,1.14
-1.88,1.14
-1.62,1.14
-1.33,1.14
-1.04,1.14
-0.77,1.14
-0.59,1.14
-0.52,1.14
-0.52,1.14
-0.56,1.14
-0.62,1.14
-0.68,1.14
-0.69,1.14
-0.67,1.14
-0.68,1.14
-0.69,1.14
-0.71,1.14
-0.68,1.14

Max three expired
-0.59,1.14
-0.41,1.14
-0.21,1.14
-0.01,1.14
0.17,1.14
0.32,1.14
0.48,1.14
0.63,1.14
0.79,1.14
0.95,1.14
1.04,1.14
1.08,1.14
1.09,1.14
1.11,1.14
1.17,1.14
1.25,1.14
1.34,1.14
1.36,1.14
1.26,1.14
0.93,1.14
0.60,1.14
0.57,1.14
0.71,1.14
0.99,1.14
1.32,1.14
1.43,1.14
1.27,1.14
1.04,1.14
1.00,1.14
1.20,1.14
1.31,1.14
1.23,1.14
1.07,0.95
1.06,0.95
1.21,0.95
1.27,0.95
1.14,0.95
0.65,0.95
-0.00,0.95
-0.53,0.95
-1.01,0.95
-1.50,0.95
-1.94,0.95
-2.30,0.95
-2.57,0.95
-2.71,0.95
-2.74,0.95
-2.71,0.95
-2.63,0.95
-2.51,0.95
-2.39,0.95
-2.26,0.95
-2.13,0.95
-1.97,0.95
-1.75,0.95
-1.56,0.95
-1.45,0.95
-1.42,0.95
-1.45,0.95
-1.38,0.95
-1.16,0.95
-0.84,0.95
-0.47,0.95
-0.16,0.95
0.09,0.95
0.27,0.95
0.36,0.95
0.38,0.95
0.44,0.95
0.55,0.95
0.74,0.95
0.94,0.95
1.04,0.95
0.82,0.95
0.47,0.95
0.36,0.95
0.46,0.95
0.71,0.95
1.06,0.95
1.32,0.95
1.40,0.89
1.62,0.89
2.02,0.89
2.36,0.89
2.58,0.89
2.70,0.89
2.70,0.95
2.39,0.95
1.90,0.95
1.49,0.95
1.22,0.95
1.09,0.95
1.07,0.95
1.05,0.95
1.05,0.95
1.00,0.95
0.89,0.95
0.88,0.95
0.96,0.95
0.79,0.95
0.45,0.95
0.12,0.95
-0.35,0.95
-0.97,0.95
-1.67,0.95
-2.30,0.95
-2.73,0.95
-2.91,0.95
-2.87,0.95
-2.73,0.95
-2.62,0.95
-2.54,0.95
-2.42,0.95
-2.25,0.95
-1.97,0.95
-1.57,0.95
-1.11,0.95
-0.72,0.95
-0.40,0.95
-0.19,0.95
-0.12,0.95
-0.13,0.95
-0.15,0.95
-0.09,0.95
0.02,0.95
0.10,0.95
0.16,0.95
0.19,0.95
0.21,0.95
0.22,0.95
0.26,0.95
0.31,0.95
0.33,0.95
0.23,0.95
-0.00,0.95
-0.30,0.95
-0.61,0.95
-0.89,0.95
-1.09,0.95
-1.16,0.89
-1.15,0.89
-1.09,0.89
-0.96,0.89
-0.75,0.89
-0.47,0.89
-0.14,0.89
0.24,0.89
0.66,0.89
1.00,0.89
1.23,0.89
1.32,0.89
1.31,0.92
1.11,0.92
0.77,0.92
0.76,0.92
1.12,0.92
1.40,0.92

Max three expired
1.48,0.92
1.64,0.92
1.95,0.92
2.24,0.92
2.38,0.92
2.38,1.67
2.07,1.67
1.43,1.67
0.90,1.67
0.66,1.67
0.53,1.67
0.39,1.67
0.26,1.67
0.15,1.67
0.01,1.67
-0.12,1.67
-0.24,1.67
-0.34,1.67
-0.38,1.67
-0.33,1.67
-0.23,1.67
-0.15,1.67
-0.13,1.67
-0.16,1.67
-0.20,1.67
-0.21,1.67
-0.16,1.67
-0.07,1.67
-0.01,1.67
-0.06,1.67
-0.21,1.67
-0.41,1.67
-0.62,1.67
-0.76,1.67
-0.77,1.67
-0.65,1.67
-0.46,1.67
-0.29,1.67
-0.19,1.67
-0.14,1.67
-0.05,1.67
0.12,1.67
0.26,1.67
0.37,1.67
0.41,1.67
0.37,1.67
0.22,1.67
0.04,1.67
-0.11,1.67
-0.23,1.67
-0.31,0.92
-0.36,0.92
-0.43,0.92
-0.55,0.92
-0.68,0.92
-0.76,0.92
-0.72,0.92
-0.56,0.92
-0.34,0.92
-0.12,0.92
0.10,0.92
0.33,0.92
0.54,0.92
0.67,0.92
0.75,0.92
0.74,0.92
0.63,0.92
0.43,0.92
0.15,0.92
-0.19,0.92
-0.54,0.92
-0.81,0.92
-0.97,0.92
-1.03,0.92
-1.08,0.92
-1.10,0.92
-1.07,0.92
-0.95,0.92
-0.76,0.92
-0.49,0.92
-0.20,0.92
-0.01,0.92
0.02,0.92
-0.06,0.92
-0.19,0.92
-0.33,0.92
-0.48,0.92
-0.60,0.92
-0.75,0.92
-0.93,0.92
-1.15,0.92
-1.42,0.92
-1.68,0.92
-1.87,0.92
-1.94,0.92
-1.94,0.92
-1.92,0.92
-1.93,0.92
-1.96,0.92
-2.02,0.92
-2.10,0.92
-2.09,0.92
-1.93,0.92
-1.65,0.92
-1.32,0.92
-1.03,0.92
-0.88,0.92
-0.81,0.92
-0.73,0.92
-0.55,0.92
-0.24,0.92
0.15,0.92
0.56,0.92
0.94,0.92
1.08,0.92
0.99,0.76
1.05,0.76
1.41,0.76
1.87,0.76
2.25,0.76
2.42,0.76
2.30,1.69
1.80,1.69
1.04,1.69
0.56,1.69
0.61,1.69
0.96,0.76
1.41,0.76
1.83,0.76
2.11,0.76
2.18,0.76
2.11,1.53
1.83,1.53
1.40,1.53
1.17,1.53
1.22,1.53
1.37,1.53
1.53,1.53
1.46,1.53
1.34,1.53
1.41,1.53
1.50,1.53
1.54,1.53
1.29,1.53
0.84,1.53
0.49,1.53
0.18,1.53
-0.07,1.53
-0.26,1.53
-0.39,1.53
-0.44,1.53
-0.38,1.53
-0.31,1.53
-0.23,1.53
-0.12,1.53
0.01,1.53
0.08,1.53
0.04,1.53
-0.16,1.53
-0.47,1.53
-0.82,1.53
-1.16,1.53
-1.41,1.53
-1.53,1.53
-1.57,1.53
-1.53,1.53
-1.46,1.53
-1.37,1.53
-1.27,1.53
-1.13,1.53
-0.89,1.53
-0.52,1.53
-0.12,1.53
0.19,1.53
0.36,1.53
0.43,1.53
0.44,1.53
0.45,1.53
0.49,1.53
0.60,1.53
0.73,1.53
0.82,1.53
0.87,1.53
0.89,1.53
0.85,1.53
0.76,1.53
0.67,1.53
0.56,1.53
0.51,1.53
0.45,1.53
0.35,1.53
0.27,1.53
0.29,1.53
0.47,1.53
0.75,1.53
1.03,1.53
1.24,1.53
1.33,1.53
1.21,1.53
0.89,1.53
0.52,1.53
0.16,1.53
-0.21,1.53
-0.55,1.53
-0.79,1.53
-0.94,1.53
-1.03,1.53
-1.02,1.53
-0.95,1.53
-0.80,1.53
-0.58,1.53
-0.38,1.53
-0.29,1.53
-0.28,1.53
-0.27,1.53
-0.26,1.53
-0.17,1.53
0.00,1.53
0.21,1.53
0.46,1.53
0.71,1.53
0.93,1.53
1.07,1.53
1.14,1.53
1.21,1.53
1.30,1.53
