515     3.11
512     4.73
509     5.42
506     5.21
502     4.18
499     2.45
495     0.16
493     -2.50
491     -5.29
490     -8.01
489     -10.49
489     -12.61
490     -14.22
490     -15.30
492     -15.82
493     -15.78
494     -15.28
495     -14.42
496     -13.29
497     -11.99
499     -10.55
499     -9.05
501     -7.56
501     -6.09
502     -4.73
503     -3.46
503     -2.32
504     -1.31
503     -0.48
503     0.13
503     0.55
503     0.81
502     0.90
501     0.80
500     0.51
499     0.05
499     -0.51
498     -1.13
499     -1.71
501     -2.09
508     -1.95
517     -0.85
531     1.67
546     5.99
562     12.24
576     20.29
586     29.60
591     39.33
590     48.45
584     55.91
572     60.76
559     62.37
543     60.49
528     55.22
514     47.04
502     36.66
493     24.95
487     12.86
484     1.25
483     -9.08
484     -17.67
486     -24.27
487     -28.79
490     -31.38
491     -32.29
494     -31.84
496     -30.30
498     -28.00
501     -25.17
503     -21.99
506     -18.65
509     -15.21
511     -11.79
513     -8.51
513     -5.53
513     -2.99
511     -1.02
510     0.29
508     0.96
505     0.96
502     0.32
499     -0.90
497     -2.56
494     -4.54
492     -6.71
491     -8.89
490     -10.94
490     -12.72
490     -14.14
490     -15.16
491     -15.76
492     -15.91
493     -15.66
495     -15.00
496     -14.01
498     -12.73
500     -11.21
501     -9.52
502     -7.79
502     -6.13
503     -4.60
503     -3.25
503     -2.13
502     -1.28
502     -0.71
502     -0.37
501     -0.24
501     -0.29
500     -0.48
500     -0.78
502     -1.04
506     -1.00
514     -0.30
526     1.56
540     4.98
556     10.25
569     17.32
579     25.72
585     34.70
585     43.35
580     50.64
569     55.63
555     57.56
541     56.13
526     51.45
511     43.85
500     34.01
491     22.81
485     11.16
482     -0.07
481     -10.10
481     -18.55
483     -25.06
484     -29.60
486     -32.28
487     -33.38
489     -33.18
491     -31.95
494     -29.91
497     -27.24
500     -24.12
504     -20.65
507     -16.96
510     -13.18
512     -9.47
512     -6.05
512     -3.10
511     -0.75
509     0.90
506     1.76
503     1.82
501     1.16
498     -0.07
495     -1.77
493     -3.82
490     -6.06
489     -8.37
488     -10.55
488     -12.47
488     -14.01
489     -15.09
490     -15.66
492     -15.70
493     -15.25
495     -14.37
497     -13.11
498     -11.58
500     -9.87
501     -8.06
501     -6.31
501     -4.72
501     -3.38
501     -2.30
501     -1.48
500     -0.92
500     -0.62
499     -0.54
499     -0.64
499     -0.84
500     -1.04
504     -1.02
509     -0.50
519     0.89
532     3.60
547     7.99
561     14.15
574     21.89
582     30.66
585     39.59
582     47.66
574     53.86
562     57.37
548     57.67
532     54.61
517     48.36
505     39.52
495     28.91
488     17.46
483     6.02
481     -4.57
481     -13.77
482     -21.22
483     -26.71
485     -30.30
486     -32.19
489     -32.59
492     -31.72
495     -29.81
499     -27.09
503     -23.71
507     -19.86
510     -15.75
513     -11.57
516     -7.46
516     -3.66
516     -0.37
514     2.21
512     3.94
508     4.75
505     4.62
501     3.63
498     1.92
494     -0.36
491     -3.07
489     -5.97
487     -8.86
487     -11.54
487     -13.81
488     -15.53
489     -16.62
492     -17.02
493     -16.75
496     -15.88
498     -14.48
499     -12.72
500     -10.79
501     -8.83
502     -6.93
502     -5.18
501     -3.72
501     -2.59
500     -1.81
500     -1.35
499     -1.16
499     -1.20
499     -1.36
500     -1.55
502     -1.60
507     -1.28
516     -0.19
528     2.11
543     6.03
558     11.75
572     19.23
582     27.98
587     37.22
586     45.95
580     53.11
570     57.85
556     59.51
541     57.79
526     52.78
512     44.90
500     34.82
493     23.47
487     11.84
484     0.70
483     -9.19
484     -17.42
484     -23.79
485     -28.28
486     -31.06
487     -32.35
489     -32.40
491     -31.43
494     -29.63
497     -27.17
500     -24.22
504     -20.88
507     -17.28
510     -13.57
512     -9.89
513     -6.44
513     -3.39
511     -0.94
509     0.76
507     1.68
503     1.79
499     1.06
496     -0.39
493     -2.40
492     -4.71
490     -7.10
489     -9.42
488     -11.52
488     -13.32
488     -14.72
489     -15.65
490     -16.09
491     -16.06
492     -15.61
493     -14.83
495     -13.76
496     -12.44
498     -10.94
499     -9.31
501     -7.62
502     -5.91
502     -4.28
504     -2.76
503     -1.40
503     -0.31
503     0.53
502     1.08
500     1.29
500     1.18
499     0.84
498     0.32
497     -0.35
497     -1.10
498     -1.77
502     -2.12
509     -1.81
521     -0.33
538     2.88
555     8.22
572     15.71
586     25.08
594     35.49
596     45.90
592     55.10
583     62.01
569     65.76
553     65.81
536     62.07
519     54.81
506     44.70
495     32.70
487     19.79
483     7.02
482     -4.64
481     -14.66
482     -22.70
484     -28.59
485     -32.38
487     -34.34
488     -34.76
490     -33.99
493     -32.26
496     -29.77
499     -26.72
503     -23.25
506     -19.51
509     -15.64
511     -11.82
512     -8.22
513     -5.02
512     -2.32
510     -0.31
507     0.90
504     1.26
500     0.79
497     -0.44
494     -2.26
491     -4.50
490     -6.94
488     -9.38
488     -11.65
487     -13.60
488     -15.15
488     -16.20
490     -16.74
491     -16.74
492     -16.27
495     -15.37
495     -14.10
497     -12.62
498     -10.99
499     -9.30
499     -7.68
500     -6.19
501     -4.81
501     -3.58
501     -2.54
501     -1.71
501     -1.08
501     -0.63
501     -0.33
500     -0.18
500     -0.19
500     -0.29
500     -0.43
499     -0.63
498     -0.92
498     -1.27
498     -1.64
498     -1.96
497     -2.27
497     -2.58
496     -2.88
496     -3.19
497     -3.42
500     -3.42
506     -2.89
516     -1.44
531     1.45
549     6.28
567     13.28
583     22.34
594     32.81
600     43.76
599     54.07
591     62.47
578     67.89
563     69.64
544     67.40
526     61.25
510     51.72
496     39.65
486     26.08
479     12.12
476     -1.23
475     -13.06
475     -22.93
477     -30.49
480     -35.64
482     -38.53
485     -39.46
489     -38.69
492     -36.58
496     -33.45
500     -29.56
504     -25.18
508     -20.50
512     -15.71
514     -10.99
516     -6.58
516     -2.69
515     0.51
514     2.89
510     4.35
507     4.82
503     4.33
500     3.01
496     1.02
493     -1.48
491     -4.27
488     -7.15
487     -9.97
486     -12.54
486     -14.72
486     -16.42
487     -17.57
488     -18.15
490     -18.15
491     -17.62
493     -16.65
494     -15.32
496     -13.75
498     -11.96
499     -10.05
500     -8.15
501     -6.32
501     -4.65
502     -3.17
501     -1.95
502     -0.99
501     -0.28
501     0.18
501     0.44
501     0.55
500     0.52
500     0.36
500     0.14
499     -0.14
500     -0.43
499     -0.70
500     -0.93
500     -1.06
500     -1.13
500     -1.15
500     -1.12
500     -1.08
500     -1.02
499     -1.00
498     -1.07
498     -1.24
498     -1.45
498     -1.66
498     -1.84
501     -1.86
507     -1.42
517     -0.07
532     2.70
550     7.41
568     14.30
584     23.26
596     33.69
601     44.64
601     54.95
593     63.41
581     68.95
564     70.81
546     68.62
528     62.49
511     52.93
496     40.73
486     26.94
478     12.65
474     -1.13
473     -13.45
474     -23.75
475     -31.67
478     -37.14
481     -40.25
485     -41.22
489     -40.35
494     -37.96
498     -34.39
503     -29.97
507     -24.99
512     -19.71
516     -14.31
517     -9.11
519     -4.38
518     -0.32
517     2.87
514     5.06
512     6.22
508     6.39
504     5.59
499     3.89
496     1.47
493     -1.42
489     -4.59
488     -7.84
487     -10.89
486     -13.59
485     -15.86
486     -17.61
487     -18.74
488     -19.25
490     -19.16
491     -18.53
493     -17.46
495     -16.00
496     -14.28
497     -12.44
498     -10.58
499     -8.77
500     -7.06
500     -5.51
501     -4.14
501     -2.97
501     -2.00
501     -1.26
501     -0.71
501     -0.34
501     -0.10
501     0.03
500     0.05
500     -0.05
500     -0.21
500     -0.39
500     -0.57
500     -0.72
499     -0.89
499     -1.08
498     -1.32
498     -1.58
497     -1.89
497     -2.22
497     -2.53
498     -2.75
502     -2.69
509     -2.00
522     -0.19
538     3.32
556     8.90
575     16.69
590     26.48
600     37.49
604     48.67
602     58.86
594     66.89
579     71.73
562     72.65
543     69.41
524     62.20
507     51.60
494     38.55
484     24.20
477     9.63
475     -4.02
474     -16.00
476     -25.79
478     -33.04
481     -37.77
484     -40.16
488     -40.50
491     -39.15
494     -36.54
497     -33.05
501     -28.99
505     -24.54
508     -19.92
511     -15.33
513     -10.94
515     -6.89
515     -3.34
514     -0.45
513     1.68
510     2.99
508     3.46
504     3.13
500     2.00
497     0.21
494     -2.07
491     -4.68
489     -7.42
487     -10.13
486     -12.68
486     -14.88
487     -16.58
487     -17.73
487     -18.37
489     -18.52
491     -18.13
492     -17.28
494     -16.06
495     -14.55
497     -12.85
498     -11.03
499     -9.19
499     -7.46
500     -5.89
501     -4.47
501     -3.21
501     -2.17
501     -1.34
500     -0.77
500     -0.44
500     -0.28
500     -0.25
499     -0.34
499     -0.53
499     -0.76
499     -1.00
499     -1.21
500     -1.35
499     -1.42
499     -1.48
499     -1.53
499     -1.56
498     -1.61
498     -1.70
498     -1.81
497     -1.95
498     -2.09
501     -2.06
507     -1.54
518     -0.10
533     2.84
550     7.68
568     14.64
584     23.63
595     34.01
600     44.82
599     54.92
592     63.14
580     68.49
564     70.24
546     68.05
528     62.00
511     52.57
496     40.49
485     26.77
477     12.48
473     -1.34
472     -13.71
473     -24.10
475     -32.06
478     -37.49
481     -40.52
485     -41.39
489     -40.42
493     -37.98
498     -34.40
502     -29.98
506     -25.07
509     -19.95
513     -14.86
516     -9.92
516     -5.41
517     -1.52
516     1.64
515     3.96
512     5.39
508     5.84
505     5.35
501     4.03
498     2.04
493     -0.51
491     -3.44
489     -6.49
487     -9.47
486     -12.22
486     -14.59
486     -16.45
487     -17.74
488     -18.42
489     -18.54
490     -18.17
492     -17.36
493     -16.18
495     -14.72
496     -13.07
497     -11.33
498     -9.59
499     -7.91
500     -6.31
500     -4.86
501     -3.57
501     -2.46
501     -1.56
501     -0.85
501     -0.33
501     0.02
501     0.24
501     0.36
501     0.41
500     0.36
500     0.22
499     -0.00
499     -0.30
499     -0.61
499     -0.90
498     -1.18
497     -1.52
497     -1.89
498     -2.20
499     -2.36
504     -2.16
513     -1.19
526     1.05
542     5.03
558     10.97
574     18.86
585     28.24
591     38.25
593     47.91
587     56.16
578     61.99
563     64.65
547     63.66
531     59.07
514     51.18
500     40.61
488     28.24
480     15.04
475     1.99
472     -10.01
472     -20.43
473     -28.77
475     -34.84
478     -38.65
482     -40.34
487     -40.08
492     -38.14
497     -34.84
503     -30.47
508     -25.33
513     -19.71
517     -13.91
520     -8.22
522     -2.92
523     1.78
522     5.67
519     8.52
516     10.21
512     10.72
508     10.10
503     8.45
499     5.95
495     2.82
492     -0.69
490     -4.31
488     -7.80
487     -11.00
487     -13.73
487     -15.87
487     -17.41
489     -18.29
490     -18.53
491     -18.21
494     -17.37
495     -16.07
497     -14.45
498     -12.62
500     -10.68
501     -8.70
502     -6.78
503     -4.97
503     -3.35
504     -1.94
503     -0.79
503     0.06
502     0.60
502     0.87
501     0.90
501     0.73
499     0.39
499     -0.12
500     -0.64
501     -1.04
506     -1.08
514     -0.37
526     1.55
541     5.10
557     10.56
572     17.94
583     26.80
589     36.33
590     45.56
585     53.45
575     59.00
562     61.50
545     60.50
529     55.95
513     48.18
499     37.84
488     25.76
480     12.92
475     0.25
474     -11.32
474     -21.23
475     -29.04
476     -34.68
479     -38.19
483     -39.69
487     -39.38
492     -37.50
496     -34.38
501     -30.33
506     -25.59
510     -20.45
514     -15.15
517     -9.92
519     -5.03
520     -0.65
519     3.02
517     5.78
514     7.50
510     8.13
506     7.68
502     6.28
498     4.08
494     1.26
492     -1.92
490     -5.18
488     -8.33
487     -11.22
487     -13.70
487     -15.65
488     -16.99
489     -17.72
490     -17.87
492     -17.48
494     -16.58
495     -15.29
497     -13.71
499     -11.90
500     -9.97
501     -8.04
502     -6.19
503     -4.45
503     -2.90
503     -1.59
502     -0.60
502     0.08
501     0.45
501     0.57
500     0.47
500     0.21
501     -0.08
503     -0.24
509     0.01
519     1.14
533     3.66
549     8.00
565     14.32
579     22.47
589     31.87
593     41.63
591     50.64
584     57.85
572     62.33
558     63.48
541     61.05
524     55.11
509     46.11
496     34.82
487     22.21
480     9.27
477     -3.05
477     -13.98
478     -23.00
480     -29.77
482     -34.30
485     -36.73
487     -37.33
491     -36.42
494     -34.27
498     -31.19
502     -27.41
506     -23.16
510     -18.63
512     -14.06
515     -9.64
517     -5.53
517     -1.88
516     1.12
515     3.36
512     4.74
509     5.22
505     4.81
501     3.55
497     1.56
493     -1.01
491     -3.95
488     -7.03
487     -10.04
486     -12.80
486     -15.14
487     -16.92
488     -18.05
489     -18.56
491     -18.46
492     -17.82
494     -16.74
496     -15.28
498     -13.52
499     -11.58
501     -9.56
502     -7.53
503     -5.59
503     -3.83
503     -2.32
503     -1.11
503     -0.18
502     0.44
501     0.73
500     0.72
499     0.43
499     -0.03
498     -0.60
500     -1.14
503     -1.41
509     -1.12
520     0.18
534     2.98
550     7.64
566     14.27
579     22.66
588     32.15
591     41.81
588     50.55
580     57.32
567     61.21
552     61.68
535     58.52
520     51.98
505     42.62
493     31.20
485     18.70
479     6.08
477     -5.71
477     -15.99
478     -24.35
480     -30.51
481     -34.54
484     -36.63
487     -37.00
490     -35.92
494     -33.68
497     -30.55
501     -26.81
505     -22.64
509     -18.21
512     -13.70
513     -9.36
515     -5.41
514     -1.99
513     0.71
512     2.63
509     3.73
506     3.97
502     3.37
499     2.02
496     0.09
493     -2.25
490     -4.88
489     -7.57
488     -10.11
487   