-0.1134041348333028,-0.1337354509430888,-0.00043829235287065615,0.0,-0.05557007885803955,0.0047765046954123536,0.00978281870019937,0.017126981332175273,0.00409311939134667,-0.0007642989400641759
-0.6229947007077179,-0.7347789528458826,-0.0024075374923473447,0.0,-0.30544778858880406,0.025860380559982965,0.05406239212837938,0.09382130193466542,0.022430298406980652,-0.003758018189016485
-2.0605213254343546,-2.430629150822238,-0.007962075578146266,0.0,-1.010649565232181,0.0841405495654135,0.17961852436201253,0.3092944164415341,0.07273638851443329,-0.011229122951234308
-4.510877611491326,-5.3222888344882815,-0.017429935696577803,0.0,-2.2129398399144025,0.18075083190694474,0.39407655385385476,0.6743981079862975,0.15127300073115577,-0.02298631052814322
-6.682967153666892,-7.887793117773194,-0.02582673392081324,0.0,-3.2783753400153506,0.2616916863104617,0.5825630844992922,0.9935851299997512,0.19769389242899563,-0.03445923794703777
-6.330045477102749,-7.476069737072301,-0.02448285090375998,0.0,-3.1041527773654627,0.240133715512918,0.5447287243643664,0.931505977697102,0.1226564598755599,-0.03827595751814372
-2.6841225186451734,-3.1772197966775195,-0.010437641689287371,0.0,-1.314750227919117,0.09531616199371205,0.21449918370997956,0.3789944093378598,-0.08225207821799851,-0.026066054128940253
1.781533530190187,2.094740527176947,0.0067780137408381845,0.0,0.8750364955992007,-0.06654526724262837,-0.18124138103943466,-0.28797519522010606,-0.28266240833010897,0.008971250989192603
3.3737269381658495,3.97883356740872,0.012957464250825085,0.0,1.6564142451114925,-0.10542874498431608,-0.3106854312599773,-0.5169480952041003,-0.315871150905492,0.06058790996043514
1.2651717959901585,1.4878394847363399,0.004966056426289058,0.0,0.6275963848183677,-0.009002809232957276,-0.10990387386660161,-0.18924874692329122,-0.17330469925291475,0.09884671658921873
-1.5636070735993817,-1.8637635657786253,-0.005637882542612356,0.0,-0.7553617283910705,0.08860970301397063,0.1426391608463589,0.24552673823986362,-0.011625775095266466,0.08892306398197694
-1.944770842106445,-2.3177489435144216,-0.006555411444368544,0.0,-0.9509844888874812,0.06958671623692708,0.1674964539162474,0.31282328589884356,0.03122018592546988,0.03245586702572903
-0.0607198101844828,-0.06495558115830313,0.0014983676211225028,0.0,-0.04566306739700221,-0.03007198073173248,-0.0037496416374050434,0.03756837727948914,-0.02258013703083811,-0.023453664863360695
1.4111315365393118,1.725372078584603,0.0078023947224580715,0.0,0.6684269446206265,-0.08066394051377675,-0.1286660550176227,-0.18517616816271443,-0.057201747108657164,-0.031905306104053316
0.8975543961795961,1.1494779052992563,0.005515763493812543,0.0,0.4272265138361754,-0.02432686249423755,-0.08033781071114376,-0.12211866300655039,-0.022099073438975436,0.007312811814059409
-0.5043030349561348,-0.5329781703908789,-0.0014947787793355115,0.0,-0.25166148515962783,0.06882684232295791,0.036871369309640106,0.06885254161828658,0.025961896437863563,0.05282575591889408
-0.9420164002079225,-1.1156053052399781,-0.005137891690637917,0.0,-0.47420459864924613,0.10171721099480749,0.07207957824560915,0.1204756697463425,0.02408630372416004,0.06067475969213462
-0.16224112778499966,-0.24526848430477166,-0.0026368244786287194,0.0,-0.09905690856525301,0.05844811695883423,0.017397351502742325,0.001068467159701214,-0.009574436124026198,0.015068415099731919
0.5956914315028896,0.6446233430454301,0.0019489236691333563,0.0,0.2827958940841913,-0.0029405013874884423,-0.025827314273856344,-0.10312213776339052,-0.01439630689514998,-0.05992163807786759
0.4457874500062572,0.4913433593451787,0.0036347340579190365,0.0,0.22184730142617531,-0.029589884328366456,-0.005362314935276613,-0.0643559596635852,0.01943441059873341,-0.11193040242622751
-0.1888000429673926,-0.23508850393521763,0.001669800817599612,0.0,-0.09103172051475956,-0.015945768078546446,0.021785733979173605,0.04251478182656698,0.04114923656796088,-0.10479668520332676
-0.42374668089533013,-0.49817794144536803,-0.0009796652401639072,0.0,-0.20604849511355633,0.016214270377230056,-0.017925937155058164,0.07378302160892947,0.023297866551116597,-0.060408721090966566
-0.08892461391913753,-0.08937195484486411,-0.0016167270704284288,0.0,-0.023307436814867022,0.04485675295252284,-0.10526891525243848,0.007016109251486435,0.010255526936161108,-0.033996009311503955
0.25888014267529186,0.3322624266314035,-0.00036250401040414937,0.0,0.15952064533465876,0.052046691109344456,-0.14042700816959514,-0.05577432443119201,0.052146395943950374,-0.040592012685341516
0.1963868014632029,0.2556230321641265,0.0008248806442217108,0.0,0.10325687716012619,0.029835829964963312,-0.0635599687059947,-0.03842793471200101,0.119605123021189,-0.03548729807817491
-0.09337092580660955,-0.1037710879647245,0.0007043889793195771,0.0,-0.08157884502186466,-0.004272257192225182,0.060630144238084736,0.02020990391790367,0.1339999856983859,0.017037679647821213
-0.20050321480109817,-0.24611955533521823,-0.00017134549544126076,0.0,-0.13761861043389628,-0.015874375456887635,0.10588312469548589,0.03700343714987453,0.07760307792804311,0.08417737241252041
-0.04024474586030649,-0.057556125280282644,-0.0006271606820533668,0.0,-0.002529146841696306,0.00587870381266431,0.029605731687219833,-0.0028376116687670594,0.021382783582656745,0.09799609249430068
0.1297992774529689,0.15918049654356298,-0.0004874125308493883,-3.2399995574527996e-06,0.15811436946973306,0.028315364160102552,-0.07947854027256258,-0.04004761816395708,0.03020624959877094,0.03822740081988087
0.10842169707612681,0.19507185096688806,-0.0008765853411026141,-6.412737204175567e-05,0.1914530270634508,0.014831039283326186,-0.11912447408176732,-0.028849000478882614,0.09863170713020968,-0.00566036696734417
-0.02129643591746827,0.2683985584852854,-0.0036418915791709035,-0.0004879922973895501,0.12396227663572536,-0.02933964206992845,-0.12280373111406763,0.010782239636947133,0.21180960453685144,0.17826161075949515
-0.07271726219930064,0.72610481833105,-0.011096785960617037,-0.002028696917304035,0.08006399541146925,-0.08503584780649928,-0.26387285774864155,0.032396348799243024,0.36935529804449285,0.7470373756996608
-0.030175103356589378,1.3799215591207754,-0.023958914460635715,-0.00517263301473464,0.06830890766874004,-0.16174799115760696,-0.6572476570884578,0.022303047108558127,0.44184586660276715,1.3502109132974685
-0.03365786684097169,1.3903122517836142,-0.03491331787977218,-0.008130601898002104,-0.11460124691945683,-0.2186707201523172,-1.0919700350390007,0.0019455397517601503,0.15871472575715972,1.0342508452171137
-0.11524997403963075,0.26584219529722297,-0.02682414877535557,-0.006431500536591556,-0.630381738784418,-0.08783560500211557,-1.0352692647096458,-0.009691184304544742,-0.48148842177653783,-0.6447999164136538
-0.0984997825099905,-1.154912337540043,0.009738940980572916,0.0022935425833933987,-1.1418048509804088,0.30428476326946224,-0.1262666782905808,-0.012783007593183848,-0.9130971541398061,-2.3108741498241248
0.1327846472205861,-1.5250306057673915,0.052936721515757956,0.012483360126853665,-0.878752029392037,0.6295841264220761,1.2543546520137046,-0.011186140302259728,-0.563303335602976,-1.773509211857586
0.3694830960198451,-0.8695257569575965,0.06072215117882594,0.013978027630852402,0.40104243037607334,0.4155121718508007,2.108355128012386,-0.002044677118208771,0.29191657461715653,0.978353532025309
0.28083784957638125,-0.5919928883157948,0.019479678017388966,0.004105811287168332,1.6748843259304875,-0.2548444857916251,1.7327215555386883,0.012899089620547755,0.7314458065677621,3.052273059724164
-0.12000450108502869,-1.2608961987408493,-0.031230998094802863,-0.007224231430656203,1.5611130624995013,-0.6699730775145184,0.5050074551084589,0.019739674526861872,0.36307247273030646,2.083104564221431
-0.420543011722842,-1.5821409977767016,-0.04034515221928102,-0.008560856752394153,0.08606015225106867,-0.37507033033350423,-0.4126479942738843,0.007851051543420584,-0.18574817738099947,-0.654662418361931
-0.3023798924072862,-0.35427926953024524,-0.0047247688041362115,-0.000529304251293633,-1.1247865877585104,0.18506264531953837,-0.265293537090719,-0.012532421592706844,-0.1914612639613214,-1.997370915204671
0.06591389667856398,1.5180786322633824,0.030384902412332337,0.0060184594152720705,-0.7643455833301236,0.26307570911676204,0.5053873039760546,-0.019978633911373778,0.16360263046907436,-1.0269780197123926
0.2568228337874627,2.0680761302410433,0.02775252311289836,0.004102255758653833,0.5696664951798909,-0.1586524608810336,0.8361477830630877,-0.009372637772084413,0.13937141069043724,0.2042478339861986
0.1092943525592309,0.8812283631801525,-0.0021350160148332215,-0.002014128562150913,1.194926177224045,-0.3821024818991965,0.3129455011392772,0.0012992699599385649,-0.41522400061928316,-0.0969987188717536
-0.12609456732454508,-0.438743664467804,-0.021901258413788312,-0.004197517189791861,0.4449815276256377,-0.024012521841035417,-0.43219703598347214,-0.003404718822244912,-0.8024208074140822,-1.1956739814378186
-0.14813121546968464,-0.46790801200897136,-0.013973484082315413,-0.0008922338734948243,-0.6569369730896228,0.44047442963037997,-0.617184903716451,-0.013999765397637698,-0.4655365648589105,-1.3394463553196714
0.03540432401116809,0.30694447675842484,0.004706910653050919,0.0026032877918621966,-0.8441203954591866,0.38373666253664107,-0.24248614255908918,-0.010162069543332097,0.2135293377839892,-0.30704900196800855
0.1739572038218197,0.428749665782336,0.0096655230307038,0.002099476686808488,-0.14233933650328315,-0.08486876723059483,0.08604591593760325,0.008115128677478767,0.4303942485907677,0.5639891433829893
0.11191080639565981,-0.453701979156085,-0.0016756844399161488,-0.0007723687727687334,0.40354016585261704,-0.3157811044060988,0.007577125910633642,0.018314741766015774,0.019545131178790587,0.36741231118006845
-0.04914330857436483,-1.2056082715097052,-0.01182736457103822,-0.0019743211208485545,0.18520252042774482,-0.04294605189174755,-0.25301788456339724,0.006976601152577699,-0.40154670370923523,-0.35005516418315374
-0.11852545070851794,-0.8159568930895126,-0.007750953479368565,-0.000501920912454018,-0.33372643411881553,0.3038578083732249,-0.32878213835929526,-0.0104778247919588,-0.3024900700119615,-0.5808592342350076
-0.0504573979562718,0.3033420617268515,0.0046306134787784834,0.0011889190031112162,-0.42359544277605854,0.24764185622454915,-0.18576454672702947,-0.011321744372377762,0.12297622496056893,-0.15011086341618474
0.04158110063335335,0.9362157485832964,0.010720862436108047,0.001014594312591599,-0.044793349086902384,-0.1127861502810279,-0.056590149441569926,0.002649942816391415,0.3234354204461618,0.314336881009617
0.05416324807403691,0.5765688886131766,0.005616183400976178,-0.00033222545130179304,0.2540761226405706,-0.3091578135084586,-0.08152117011213078,0.009998157625093151,0.12844682305319088,0.33630454108243857
0.0049779197307478484,-0.133333355222079,-0.0022326664228609922,-0.0009304879791840748,0.1362536063213759,-0.14175769939655686,-0.17325213381267723,0.003504199830476451,-0.1278167467894331,0.09280356580547844
-0.026555850404187398,-0.36831393438913373,-0.0033438089992450775,-0.0002555533001955268,-0.16179750861865758,0.12048611375956861,-0.19277120280337579,0.0004848302683583272,-0.1265164306833273,0.0021536774460018115
-0.011064185058806797,-0.07460813333886543,0.001855855632152006,0.0005514833370157957,-0.24555602689514805,0.1436131091096851,-0.13098263289766054,0.012127791715731195,0.051017407584939556,0.14307460606659284
0.013603579033539454,0.19205011760949373,0.005755990018668304,0.00048628457744595566,-0.06749027176063391,-0.059628350380296846,-0.0788333808074595,0.020025595477148217,0.12158033114407463,0.2523462390354171
0.011185861455047935,0.0848380562529783,0.004044952928605159,-0.00014672126898807036,0.10408700952240818,-0.20224307183596624,-0.08520557137111695,0.0013295494087188775,0.0062070463971278245,0.15395337543850907
-0.00822738503228676,-0.1808189996595186,0.00011334293059589093,-0.0004392244969111947,0.07922047723519504,-0.11106382289842448,-0.10893616194301126,-0.03178146778512736,-0.11438649573402587,-0.02247597358804221
-0.015135620154989954,-0.23441827872272303,-0.0007458801142912648,-0.00012768448445546476,-0.053141193123489056,0.0832342724212736,-0.09792467317087086,-0.04095334870561962,-0.09222502540110855,-0.06101071497483879
-0.0038047500927000932,-0.03929912112042125,0.0016441784833027447,0.0002567041754352739,-0.10126647839714645,0.15111295726997792,-0.05934988086948412,-0.012268555016855975,0.000300881108742046,0.05304391199539715
0.007504518147237738,0.14063452623559336,0.003156494497270547,0.00022949175065337113,-0.01978923853865494,0.05331071446404509,-0.0339296950725536,0.022229547333582178,0.01738608907886663,0.14575144314593758
0.006541228082166006,0.1247146629771036,0.001601829894228024,-0.00010059014679117406,0.07592065398060832,-0.05309010200846989,-0.03810680841603295,0.024105335313285847,-0.039028778098505135,0.09089678927599415
3.275148400028183e-05,0.002663690378359229,-0.0007529253496282341,-0.00038197562567474086,0.0830864776217638,-0.0477277375947715,-0.059902214079666144,-0.0036889716855990073,-0.04390944132280805,-0.047584890407347924
-0.0014603185540305874,-0.04716799251074172,-0.0011250780728321794,-0.0005558622151183301,0.021918091258618155,0.018007149381778165,-0.08708311835167355,-0.023429811540116363,0.04989859244119832,-0.10848896094455279
0.0016460488518269534,0.005903316027016214,-0.00010977980115092767,-0.0007198022276492522,-0.022006843430158796,0.031495695707260296,-0.10799300573026582,-0.01201379346414666,0.1429678989167592,-0.024248175760475443
0.002518503620515755,0.054477472244731706,-0.00019711858055175557,-0.0006330685335950437,-0.005886980880367265,-0.023075261629036392,-0.09978760038130216,0.012619225179651083,0.1364054929744667,0.10856332824971693
-0.0005913917881028019,0.042478526620604806,-0.002003488838433213,9.045420213535382e-05,0.04773631292902063,-0.0701282802072992,-0.033842861090665144,0.01905338194324724,0.07109722704666144,0.16696817206788644
-0.004811688496854399,0.05762197972669231,-0.0038804490794937495,0.0011407341244608904,0.10822164558117073,-0.056639846860358195,0.1293944369685761,0.0030721968111343534,0.08144499246405795,0.2104102998135505
-0.013798845756775036,0.1646434919196162,-0.0050131809605354835,0.001395028825629252,0.16947975036147825,-0.006142506311122391,0.41272875231480133,-0.011529556965415688,0.2255422060020351,0.45002042669062203
-0.03939219583771161,0.1352625779008445,-0.00750837462710484,-5.943331689267639e-05,0.20139364206137791,0.01684475193947666,0.674400428040564,-0.0064297726397700705,0.35199405032796355,0.8315853286293567
-0.07889746913346253,-0.4581748208668111,-0.013716001204477218,-0.0031799786040539735,0.10916198819897621,-0.03259220252251665,0.5890730980446124,0.011470017645955677,0.18155581181169572,0.7305978248830152
-0.09104674146215079,-1.5771904769547955,-0.020074297301044108,-0.006982446063650005,-0.1546759404948132,-0.12706100842351398,0.09042990682676777,0.023665235172850574,-0.32924571313877027,-0.44173202050432403
-0.024379117658401075,-2.271977509948493,-0.01629629730859771,-0.0090527962245886,-0.41088080561555174,-0.17471332717325053,-0.29436842469353586,0.020471696675022133,-0.7391172838588441,-2.0765031120541027
0.10281453983399368,-1.5030709027234903,0.0028462089894574286,-0.00569922625175362,-0.35552182740327115,-0.12182537413232175,-0.108663963426757,0.004451865268601973,-0.5275977007162007,-2.4236570566434468
0.17783949327299126,0.41523006691571673,0.02490413788538653,0.004050774177989547,0.022665567346766502,-0.019646308420137037,0.1742394264439826,-0.015669999412902036,0.19876204588873092,-0.5434231511683159
0.10566839211926815,1.8341456659694004,0.02856431422951139,0.013858615941549302,0.3101549627044824,0.060635428271088754,-0.22780559702432512,-0.028197703668072727,0.7298992960226309,2.0962068070099003
-0.055032052281092814,1.6687392637642795,0.009678512223174101,0.014058005661016532,0.17761614264177134,0.11545445288462475,-1.005490990977041,-0.023251540179754393,0.5882327518529538,2.880832489669354
-0.13231563952294315,0.73524587012079,-0.01042058987566232,0.0032400849288238553,-0.15048205632403966,0.14781356866913403,-0.9966162578231804,-0.003026009409424324,0.056951851520987584,1.0422891047817817
-0.04440431393465441,0.5618164393783204,-0.009960897208029462,-0.007921857496273749,-0.21730829929133974,0.1075616397129476,0.05241530307795916,0.01522747442282446,-0.2510585212676658,-1.3637059320992515
0.092920383149411,1.2510937121087187,0.006752330820100789,-0.008434647201996215,0.01743172693457079,-0.017425878897454547,0.9633625813667399,0.014370826892483923,-0.12277664603127543,-1.8599157461132778
0.10974340419264442,1.3965190956182272,0.01670265894138273,4.8321130103112786e-05,0.1781742604635027,-0.12442268758840659,0.718319508721263,-0.003154174280152522,0.12885700975770042,-0.34820496082592056
-0.006896921030529135,0.14431218481056218,0.007894821718885277,0.006285981073030744,0.05949130196326681,-0.10812657679921606,-0.21035867534599417,-0.01666042163432291,0.1520600317304175,1.104717589303348
-0.10901871426146181,-1.5151828720995908,-0.00818440876773847,0.0038447309863308965,-0.11936674746899442,-0.005022257215540282,-0.6268366292410531,-0.01052750842434691,-0.03311710089536257,0.9423160401808138
-0.08202413180897428,-1.957538734115713,-0.013863580674547167,-0.0023582403379953376,-0.09534618064127334,0.06034432444283286,-0.1974435562884016,0.008343679921508751,-0.14730535171375095,-0.24477511691772136
0.024574442621973586,-0.8964846294374466,-0.006210148334620613,-0.00420548426293435,0.06628479398135043,0.0423420989708537,0.32593527790445076,0.019746898097036447,-0.03437100760145109,-0.8687938689103158
0.08104565732489424,0.4410219766307174,0.003389030660425084,-0.0006447263921411373,0.1190676798591095,0.004403695157690124,0.27032579122798706,0.012894049694081922,0.18677672745001161,-0.3928301590275952
0.04036520835788798,0.8939064688974436,0.005203079313494077,0.002746309553365023,0.0013052259306069874,-0.0021573743185752114,-0.15452120066461905,-0.004749820009677164,0.31110646426106225,0.3146916699389562
-0.027468979034755564,0.5221962626191679,0.0008328565168919909,0.001996005920832211,-0.11480466875153822,-0.004329826496107275,-0.3298850297663291,-0.018374988163649686,0.2781757485336924,0.3521970223059336
-0.042586829207533705,0.11952245303351156,-0.002102380575049122,-0.0009342767034202226,-0.0919546646142497,-0.036696968542932695,-0.09022635613170595,-0.01916628031120937,0.18652536809226283,-0.13678713749525284
-0.006713713879103911,0.08976587717218842,-0.0001758158784255122,-0.0019860492725194134,0.006400210174673682,-0.07065254878132937,0.1842289750210049,-0.007631988351796903,0.13861917276557834,-0.39107777891828566
0.02238999372021186,0.16529728794078002,0.003140074439596385,-0.0003887145178286533,0.04548285976835481,-0.055151054693769685,0.16408031515539814,0.008562838653632943,0.13137766182730215,-0.10723000847537001
0.012900156661282358,0.022006708834598987,0.0032636842217863594,0.001258828628465103,0.0052737804023270385,0.0026949297287424123,-0.04760014413599145,0.017530693142181808,0.10384477883600529,0.2792424868404178
-0.01228516081892192,-0.24373666414020834,0.000328138436109824,0.0009686375701522809,-0.030806949133482947,0.04123551750679716,-0.1520043517031298,0.011077897975849238,0.04556810693234392,0.2780193818638508
-0.017862534550564635,-0.33138263926998657,-0.0016923829723991847,-0.0004087398659087249,-0.01578648331308219,0.02565584057492401,-0.05948488893046275,-0.005316955330341044,0.00998191723480324,-0.038890810964175807
-0.0010016787236172553,-0.17566916807935934,-0.00042058316949149244,-0.0009377194137889233,0.011138539185107599,-0.010059699688009488,0.06357678107834286,-0.015433423487692388,0.0273371834069851,-0.22365165886046656
0.013374507765181398,0.012697396617832327,0.0021189124337249697,-0.0002028046123688787,0.005739263588154991,-0.01790994321728312,0.06142344635794976,-0.009908386100377031,0.05244408496536446,-0.0589505200280066
0.008617123680501465,0.05893703752682544,0.002433950755508868,0.0005852434014245456,-0.013456851487273963,-0.004238804350477854,-0.03145229686666842,0.003101084745203986,0.018318208290031057,0.22234046458535356
-0.00537565182695976,0.012305780414585438,2.2779519111622293e-05,0.0004653939863767942,-0.001548512221343612,-0.010029828478325065,-0.08251042431874032,0.008314652312640836,-0.08340053651540669,0.2846278143935602
-0.009143193335559213,0.011869365835911999,-0.0022484178799237337,-0.00018297102354034034,0.04204815045581686,-0.03735989832419778,-0.039057554948219955,0.0001918888319565326,-0.19263566453601078,0.08592316063261943
0.0008179123575985658,0.08071041132361625,-0.0019415215121749846,-0.00044325790720298186,0.0722929598384853,-0.04040191632902135,0.03785654785928445,-0.013182162500361083,-0.2418495465840591,-0.13544085630538705
0.010074648537411912,0.12146886268292656,-5.424309968980398e-05,-0.00010300064086540828,0.059836149667197205,0.004556085921783415,0.07274577308444748,-0.018591384376519415,-0.22035696643967684,-0.175479853301925
0.006587616175388361,0.06867918194294892,0.00044110900328612687,0.00027297403969445133,0.02328957284740378,0.05967432413146184,0.050611087308821016,-0.008536694715723603,-0.1795329129891131,-0.06467049841240999
-0.004862161223663369,-0.028215426835418,-0.0014529638627929532,0.0002231978099060672,-0.0065925267952423455,0.07252707109403786,0.0038995373371300893,0.011169016427674983,-0.17328243507128827,0.03278567371036897
-0.010642933963974172,-0.07833814007880646,-0.003456443648677072,-8.215879263354098e-05,-0.0271623643684384,0.03666568055199054,-0.027697935408160394,0.02374924404414236,-0.20118776581215037,0.029585763470865695
-0.005131220703612688,-0.05663288036812497,-0.0030645964332610565,-0.00020957998144674472,-0.04802310965559198,-0.008199971600619083,-0.019312821067069004,0.017116447324399653,-0.22254340203837314,-0.02246020947702193
0.0045700381180446,-0.012116512555351067,-0.0008085210091379521,-5.18840532791609e-05,-0.05684673544666821,-0.019558242699860395,0.023897743638834977,-0.0022980348322243493,-0.21496054924999697,-0.036509990472987724
0.007848228260998125,0.005083629501242026,0.0006687961025185155,0.0001273748655944984,-0.033078190936972174,0.011343318941633151,0.06312698025335764,-0.016553378405128494,-0.19455907857976473,0.008712548642880569
-0.0001723401089245291,-0.008842198716640437,0.00018229021086156247,0.00010697278842208835,0.012843818813228242,0.05374132620705249,0.05621801642302586,-0.016036609067821117,-0.18147891140048966,0.07093036122986093
-0.017193333650675935,-0.03245539199437378,-0.000816838785006305,-3.682868399979e-05,0.04444420207455593,0.06610001142347342,-0.00031987866097510365,-0.0064355022415418794,-0.17258223768111175,0.09643712395357726
-0.034571542699841334,-0.05310032072724247,-0.0006552504555875516,-9.907738162795443e-05,0.04147587323606236,0.03952285778721261,-0.06582290133772072,0.0023281314536827136,-0.1571843384302667,0.05818672249856473
-0.03718777598240561,-0.061786958304202874,0.0003588690691077954,-2.6014367570326158e-05,0.015096293292999052,0.008618193997031134,-0.09158152774806615,0.006370592006841536,-0.1401511548092741,-0.02035838862134985
-0.01190793695942187,-0.03730510549115343,0.0007791658743932558,5.941814958099201e-05,-0.012853033156502408,0.008678285546908346,-0.0616879844276675,0.0067071921453140115,-0.13262690282265677,-0.06798963326071829
0.0334155029342129,0.03107355725423755,0.0001687124502315982,5.124267054604226e-05,-0.025361779284094527,0.029632812686909444,-0.006139568183381253,0.005143180531314573,-0.1285839013093948,-0.029549141578291416
0.06505016142135006,0.10777058719763292,-0.0005182066290467593,-1.6459221268694257e-05,-0.01384060765543077,0.031436061493926984,0.025027142553805067,0.0035496683624747227,-0.1093921390984971,0.058617877983660305
0.05270073576675499,0.1298205515464922,-0.00042554686226676033,-4.682463298935624e-05,0.012820747294020302,0.002957463397233455,0.009608622088614203,0.002423768483577171,-0.07211468642174546,0.09507701672452483
0.005538474894473899,0.07445179010859349,0.00015716418504404042,-1.2995405575727537e-05,0.027874351747585235,-0.020503858798891862,-0.023998712517887634,-0.0010480573607599686,-0.03631656229908642,0.037242629754382556
-0.0333684630787042,-0.010972605660668044,0.00040940428546556995,2.770462921067307e-05,0.012560901738443639,-0.008201288443346343,-0.029822491939704675,-0.009125443558403945,-0.017300498188113966,-0.03621411233301644
-0.033028338044536504,-0.05950117247353465,0.00010726353740283558,2.4534217066884967e-05,-0.019238683591266778,0.02320118142332001,0.0015435228653214589,-0.017084279179300887,-0.00747141086466363,-0.021936996140849305
-0.005589342470956854,-0.05211852025277508,-0.0002478668064668753,-7.32933500141586e-06,-0.03488071259385933,0.037504854662273865,0.03163696341989922,-0.015728205292777075,0.007969919199903863,0.06990791532159489
0.013455820986084527,-0.022351823975823915,-0.000215170293422981,-2.2122486920461704e-05,-0.02218423370287459,0.028158881715956208,0.019945645228667944,-0.0029148858822528045,0.030174187172379074,0.12049700038538244
0.0073197167639774685,-0.005533827343001285,6.775483949481194e-05,-6.470843504996493e-06,-0.002602637932885399,0.013846964656684502,-0.024960293048935343,0.010879559899518998,0.04882598542843741,0.05325823129866614
-0.008755615421811414,-0.003508499686382671,0.00019674783852081414,1.2911055982001152e-05,0.0012046115939318702,0.003372270402883182,-0.04958179899456721,0.012683256880571148,0.052789206295472235,-0.06226549237444012
-0.012206170119335447,0.0005399658733099555,5.6075939118790594e-05,1.1740818253058727e-05,-0.0020415281185709178,-0.0031963286808633917,-0.016401317064972845,0.002382284404879309,0.03612080333504064,-0.0942923010759433
-0.00027380305824989404,0.011289042874237432,-0.00011577078603365078,-3.2503644709913626e-06,0.010537186321940034,0.0078701345988645,0.04750000142590165,-0.006030000964717175,0.010642385260656084,-0.01536673306114067
0.01114218700554262,0.017356553542530906,-0.00010407225294599073,-1.044838626462763e-05,0.03327719255058173,0.04583137040475939,0.07834097185629572,-0.0011067289282477022,0.012106478751330307,0.06682826230249692
0.009225800564005127,0.010882827963200392,2.9751841577465438e-05,-3.2126976309276856e-06,0.03264999687382311,0.0774250009638002,0.05128743643178008,0.010721381567949217,0.06639812591299465,0.050560461117955646
-0.0018885089179908332,-0.001147913174883275,9.319769614631913e-05,6.013641266150449e-06,-0.0023767522618483583,0.05004459263327246,0.007460248386206063,0.01195301027219342,0.14211992360977965,-0.03803753207890892
-0.008438488646575842,-0.0063623170811258345,2.814355218786098e-05,5.615839776290654e-06,-0.03435804841838877,-0.031529092971329,-0.0042484820313742275,-0.0024829956590678437,0.16900827248432793,-0.09156640014348408
-0.00357841612799642,-0.0013496672745291205,-5.39254226026558e-05,-1.4347102183509541e-06,-0.022076804184788745,-0.08774808478160812,0.00975979040612665,-0.015374093588302551,0.1241176951527877,-0.055604866007157944
0.005970865576623435,0.006121188181833104,-4.988868747744096e-05,-4.9330903458544295e-06,0.021230052909968877,-0.05470256687631221,0.007615879776451048,-0.008490843023453709,0.07112727343075154,0.021168123832759872
0.00889406098378942,0.006561097593035747,1.684066179175568e-05,-1.5908736079039976e-06,0.04093465485637217,0.02858935876606887,-0.019050716316284952,0.010475758532233814,0.08289064942535695,0.057013444352020104
0.0022586173426706047,-0.0019166889076318583,8.502113218317175e-05,2.7994450225443668e-06,0.01185829438993137,0.06097302747359795,-0.03227389727018622,0.014981763230245693,0.14602022644396578,0.022040935667954287
-0.006326061348079309,-0.01287612025175805,0.00021491961370054442,2.6848866184481235e-06,-0.0303125377817563,0.0042525794321811305,-0.007127328566019553,-0.004459745887984479,0.18105974070833383,-0.04842828069845889
-0.00827609365102383,-0.017686449236910484,0.0005416855234854807,-6.298849107022608e-07,-0.03655661755327727,-0.06936706143381854,0.029239560711347694,-0.025068766358333272,0.14887176580807887,-0.09887197684741675
-0.0027930226581704687,-0.011754795380457261,0.0009422440182936323,-2.3283216887270974e-06,-0.002471635411536416,-0.06918487788361014,0.034614597293064375,-0.020959132472794406,0.09774678674255959,-0.10021487718933213
0.0041589038405199785,0.0025620102599891448,0.0008625781575397375,-7.858873012911438e-07,0.03299165642881516,0.003164242905759243,0.00852568292692267,0.0025695896872155455,0.09777109572037622,-0.06335968865959851
0.006713454728041579,0.016597310734118353,-0.00011261828228313966,1.3024392099547644e-06,0.03561896481937246,0.062411747328203024,-0.00938141986077759,0.016666079035227876,0.15675263189194494,-0.01991496273132415
0.0035810231715868723,0.020479603311386818,-0.0013852779509410697,1.2830296370336391e-06,0.013270184417065345,0.04618663010416427,0.00417651868445848,0.006597252426292721,0.21713263646488817,0.002951486844365414
-0.0022311681136933104,0.011168317512688875,-0.001567437366222316,-2.748215550130162e-07,0.002549630432082603,-0.0175496790930329,0.021839485031053818,-0.012318006101736723,0.22389018445931408,-0.009730682368184668
-0.00615308893322411,-0.004027154187965731,-7.479251369472105e-05,-1.098551741157694e-06,0.017264338413209054,-0.05236596660705671,0.00519238481567072,-0.01805802997324918,0.18185498141518464,-0.05684824525381714
-0.005675580063096458,-0.014571215951878547,0.0017882598933086063,-3.8737524427068237e-07,0.02483979175469913,-0.021481721967346185,-0.03383958552832532,-0.008188560225880548,0.14624015281010594,-0.10559727777108874
-0.003905922175153731,-0.019290949783662692,0.0019691622955451144,6.056003097887341e-07,-0.007144714245663396,0.036231310437341915,-0.04394808361348419,0.0036486154399206217,0.16044387231423451,-0.09993993314209926
-0.008539322440256264,-0.02918636090247484,2.1469300319862383e-05,6.128459000553921e-07,-0.05619744790439202,0.051644723072208715,-0.008992457238617881,0.007991842960318185,0.20560610644403043,-0.021861422899708105
-0.02155313479569196,-0.050420032384934255,-0.002117505603199711,-1.1903143870561905e-07,-0.0690313567496901,0.00034918316752882705,0.024320239942954843,0.007224105029022598,0.21731023187801313,0.06256707209015172
-0.028647740351096268,-0.0630594702379357,-0.0020761220789067333,-5.181448181068582e-07,-0.03457409831834843,-0.06981706358314295,0.008222232487880357,0.007189297104026715,0.1552370839022057,0.06024050567209588
-0.009481224880841299,-0.03171539364576703,0.00038639016855236165,-1.9055807820578252e-07,0.0012975662284535894,-0.08760241841723607,-0.044165611453248405,0.009058710734483388,0.04967569095620217,-0.03607189986318676
0.03247891195174782,0.04661390507750679,0.003134610785043856,2.81416326908257e-07,-0.0005802951728937078,-0.033164020590984694,-0.07727952347096852,0.009911357681694821,-0.027271589618393266,-0.12459436803009555
0.06032624430668415,0.11619864223100315,0.003891342853474906,2.9259967990191704e-07,-0.021438460250156888,0.03910669451411498,-0.057973700196288974,0.0073005490860552635,-0.033154022422280605,-0.10485652254665673
0.04103866639365408,0.1114635908544917,0.0023388239425338637,-5.1107538256989216e-08,-0.013589475304627202,0.05332540925336693,-0.008283697671344126,0.0013048467314689116,0.00665266195363845,0.005730834280643582
-0.010368258182450463,0.034696390041321634,5.597682373198465e-05,-2.443060984347323e-07,0.031481920811343905,-0.0117067974768615,0.019095578056331303,-0.006261638028180361,0.02797177440066001,0.08874593093858346
-0.0423540950206967,-0.040461082161577455,-0.0011855292513822668,-9.356517174929913e-08,0.06790444701969128,-0.09876000059642316,-0.00863523032065372,-0.011612697399787208,-0.012548088168223392,0.05405647713795719
-0.026255419754911746,-0.05176606643678827,-0.0009641755937991638,1.3068866483445518e-07,0.05666677349280487,-0.1289715171130209,-0.07117179429477377,-0.008993629946876691,-0.10481412454145778,-0.0696694175227931
0.011826477010447423,-0.008784264871364744,-0.0005191315164539793,-1.2496358791747042e-05,0.021681489875298596,-0.08521857354096879,-0.0982647688204448,0.002875092585909289,-0.19739506780204152,-0.16345501613503655
0.026764414368306816,0.046148375181202794,-0.002090862520234261,-0.00014540167800489168,0.02519714997004279,-0.03140051430783489,-0.007296048375897479,0.01330134825078294,-0.23595667009228016,-0.09252869664539964
0.008659855539492806,0.10755091919771453,-0.007812295239345522,-0.0007521961609787686,0.0968197626280457,-0.0387912912451982,0.2076661537596347,0.007965774344214527,-0.21647006278436454,0.21372033568135917
-0.012693933847525013,0.20064189164284912,-0.01738516506866903,-0.002269635549940835,0.17840659902659273,-0.09049252216168369,0.38246534461327686,-0.010077580347659265,-0.2165268023113257,0.6285958082996692
-0.011237292182750824,0.31772419634347937,-0.024438655490902128,-0.004258212685583851,0.11313981274435897,-0.0683544349779841,0.3191401253975127,-0.018104337999801934,-0.3056357124162625,0.8105411348868664
0.004665032775448413,0.38643411050742804,-0.01730148947938013,-0.0045817414517284605,-0.21648937831291687,0.1243464655410953,0.168083918610338,-0.002150117296225551,-0.3799408161207019,0.5533986849164386
0.009691798928484402,0.29927937613808986,0.008962304159093819,-0.0010241540247828973,-0.60167620409071,0.38406356349570875,0.37517035521120146,0.020723548063870056,-0.25102111869337806,0.11084921385378
-0.002444722135918176,0.003376431656518797,0.038754437915642176,0.00509423604434503,-0.5330282002329492,0.4184245491960989,0.8438265619960525,0.021609667170242153,-0.03251488495610785,-0.156812313460593
-0.012900827893052413,-0.3887284572705758,0.04417195821699815,0.00843917256712537,0.14760973825151325,0.08219732761225323,0.6131895722930514,-0.0028557386638371485,-0.1528283840056129,-0.3243923975558407
-0.005921136077158412,-0.6250499514861324,0.016113612469063524,0.005148772676621199,0.7801537611207789,-0.3327132595787995,-0.7962253174777874,-0.025390756422172867,-0.684559202836788,-0.6079635961739615
0.009057387983367304,-0.5447284623173774,-0.01976856150359428,-0.001895560644633587,0.5818313947140584,-0.3682808667398407,-2.123057261765286,-0.021244857653761717,-0.9949004149016978,-0.7361111302128945
0.01102986889609367,-0.2558941751985892,-0.02959291937783647,-0.005868967154985749,-0.24710593804478811,0.004759609712334328,-1.6546433293379392,0.0030045531327507757,-0.5266828238213066,-0.2833182963316335
-0.0031916849178565687,-0.004880511238718244,-0.009956146474847428,-0.004009768799814295,-0.6878104640289556,0.3069368011778479,0.3153517354534967,0.018083019936588396,0.3287922007905131,0.47105537765495764
-0.014861955596174425,0.09310712119244832,0.011363418513173197,-0.00027555430174852624,-0.24470967144116373,0.1639806781325105,1.5888849721711813,0.006383037597297803,0.6558797139578008,0.7095385212109134
-0.009158178086158403,0.11228350042652649,0.011658018005387686,0.000493928646411429,0.429312391974902,-0.2162253339021884,0.8710071222805834,-0.016999690082832475,0.18663425665647937,0.17283153964265885
0.005919853931487223,0.14395144785653072,-0.002404994927416342,-0.0014412410353236427,0.4719610850909013,-0.34398994340042266,-0.6445179638237393,-0.0220830360651057,-0.4219436555946934,-0.4598671910114964
0.012035778122508917,0.16920647386976354,-0.009782743186377264,-0.0020846686038129836,-0.06919882926026974,-0.08331957990445679,-1.027091359886808,-0.0014304940787442932,-0.4843339358554515,-0.4655729993993306
0.004092063886385694,0.12201105539941065,-0.0033177432688063623,0.0005351785427298028,-0.42836695746874265,0.220938579137623,-0.07663206629444841,0.020190242986287965,-0.06817861813360793,0.03689863686335775
-0.0062927583432478285,0.008818638338086104,0.005548840217483046,0.004004512872881005,-0.19577813596659638,0.22342653614759778,0.7613066619575309,0.017610854300643408,0.2548490026289816,0.3549614304375765
-0.007214630181060416,-0.0860596357325743,0.005446519217501604,0.004752842720559591,0.23275401227765757,-0.011702134434904851,0.4957141640374964,-0.004182241743649562,0.17273950699820384,0.14592523956175485
0.0006567010984390165,-0.09799866072738173,-0.0012147073315937878,0.002132027841521833,0.2930265725766101,-0.16120142819456218,-0.3034204062557681,-0.01965545946910091,-0.08978261885519423,-0.24460926702785368
0.007616148210340401,-0.047544462250296626,-0.004710751765577453,-0.0013125133526539767,-0.01826094194275666,-0.07441021488471228,-0.5560231259900605,-0.014813384540597385,-0.1719251654170031,-0.32808454716115204
0.006722458939148385,-0.0024612701825694194,-0.0016323878784629256,-0.002858801509265263,-0.24876692396984246,0.08642736211177868,-0.10545481243083599,0.00039620157529984823,-0.020920736588886157,-0.0716120856768764
-0.00019841918398155745,0.001893179498212605,0.0026220641042210046,-0.002112114178118213,-0.1352013074962961,0.10700359278110451,0.31629648045853914,0.008744682830400252,0.13664190379720376,0.1675769142807282
-0.007399342469074088,-0.014456189899379412,0.002624181888934282,-0.0007057733121057508,0.11638439954931751,-0.013340359704931186,0.19893630189035524,0.005844744409822189,0.13613337783488944,0.14134174122924587
-0.013468933690582496,-0.02269603017469929,-0.0005331244666100712,-0.0002107920895921267,0.17808724971920678,-0.10840336865011063,-0.18097564478284925,0.0007867090497737927,0.053332050098789496,-0.03808246015006647
-0.021017125869916997,-0.025816520843097573,-0.002233784257127185,-0.0006571350898459949,0.01747813663918641,-0.07707365213276349,-0.29400503237842823,0.0011530662899623123,0.05450026252657603,-0.12042654484532916
-0.026897420182620257,-0.038226473385631066,-0.0008070478279788192,-0.0009485568922046883,-0.128781238876568,0.016936313356661542,-0.06358759334766673,0.0038639052784721906,0.1744689922239977,-0.03952619037167774
-0.018776741538509,-0.044880443750642623,0.0012218518199343786,-0.00037868514263791897,-0.09306801841375117,0.05947155695681671,0.15732412060291323,0.002679229782084014,0.3003716236842169,0.05924872079972661
0.01010890884708368,-0.012337220396479873,0.0012558545169729426,0.0006062791704452564,0.04070098269524769,0.024151447832515313,0.1211756699911341,-0.000996138328199725,0.3318463380876878,0.04669260999639975
0.0438619481117877,0.05679806096278518,-0.0002298444323177301,0.0011436339007476204,0.0907113814116576,-0.027935457430462003,-0.049753602177805556,-0.000840752582739912,0.2896876603325519,-0.03493079364525624
0.05240152609566287,0.10820669905273209,-0.0010544672098666587,0.0009588356056864644,0.014767220918688886,-0.04021165401710139,-0.11504804776774785,0.0036443655069542946,0.26026120686932663,-0.0599056492911053
0.02326847629387338,0.0922040776741328,-0.00039704721259795073,0.00033245328597777957,-0.06820525969221718,-0.012428876432599184,-0.03521053907794203,0.0063047745795594134,0.281347956196371,0.005532807892723646
-0.02049616077878169,0.0225840920148051,0.0005678029369963148,-0.00046064751826349615,-0.054276436496179414,0.022338745675284447,0.04721924393531518,0.003823665339203197,0.3157530481019596,0.07136956819698533
-0.041257374923454104,-0.03813522863966273,0.0005997335770051553,-0.0011414277834545516,0.025161341453700387,0.03611136084024793,0.039913153159817916,-0.0007267739720855926,0.318875462145945,0.050409671378887994
-0.02447683640794765,-0.04694945390535321,-9.435375159789691e-05,-0.001210255428412993,0.0700448742147789,0.01994310534779644,-0.0033813196192535866,-0.004151851007657026,0.29460876732428815,-0.03281575299849905
0.00886822256508435,-0.01857439131872113,-0.00045245905787531966,-0.0004085138876901151,0.04033968164976948,-0.014625893993278669,-0.00036534140070354493,-0.006199075256266895,0.27393832061598766,-0.07758627741479096
0.026655957982724326,0.003915167494595417,4.712618623206599e-05,0.0007468444164970556,-0.017284940008192223,-0.039154087416874525,0.0394217391420314,-0.005742092213921801,0.2614844621181327,-0.031050468807744397
0.017599197097639768,0.0006991939011266601,0.0010313342940843628,0.0014539370026597775,-0.042046912315807955,-0.03059262223028872,0.0454149552968216,-0.0011556293201989698,0.23009063083840808,0.04860693970855878
-0.002484871505574582,-0.011895992702329439,0.0018190707784088642,0.0014993972591080817,-0.02209834359388596,0.00047402378370994813,-0.00682896640511893,0.004058188053087719,0.16738445823255166,0.06079347354881947
-0.011972253864569155,-0.011646913930831615,0.0017815601075295145,0.0011011826775420008,0.009147386412774489,0.017679445413448666,-0.06334048255735925,0.0031642330863159707,0.10241390009034324,-0.0179613285557063
-0.005732609351926515,0.0012275986296788055,0.0004891101040495616,0.0001917543933437904,0.01689032688880507,0.0026180183555169767,-0.06273490629483675,-0.004235390915386883,0.07240939632442811,-0.10450556814137672
0.004329054348821831,0.009814974728107217,-0.001620996867687987,-0.0012674767369142137,-0.0008622700402820815,-0.025236859114985424,-0.009254927812559433,-0.010864050647252321,0.07710376196936553,-0.10673352249696957
0.006238146750789819,0.005176390664959896,-0.002821928820071042,-0.0023913726245795575,-0.018720826520054246,-0.04021688116918257,0.04019887599228866,-0.011360550032079197,0.08139482006383969,-0.029881867344910717
0.0005074553199397591,-0.004215431042083495,-0.0014379344406092575,-0.0019272327670683265,-0.01969812081793537,-0.04165891134248148,0.04656762211839127,-0.006901934311169422,0.05783657492676708,0.040728953002983265
-0.004176163449928549,-0.00639771653227611,0.0019508364109314877,-3.4656857864301394e-05,-0.015379784732993673,-0.04041132784366516,0.0231420357926711,-0.00023065078203649003,0.013273589622023962,0.05183412184196923
-0.0032159895396821903,-0.0011945178224310182,0.0044471749329697,0.0014503728725485387,-0.021176925489232806,-0.03434516549774014,0.00290429548486959,0.006088571326847092,-0.02723702326130084,0.034725381815781844
-0.00033639724950318417,0.0022123488490376486,0.003705601800760277,0.001115902595436813,-0.02468137833653697,-0.01650702246514979,-0.002420352531094516,0.006703318794121449,-0.05112543021932314,0.03576028048259669
-0.00047062023478841586,-0.0007992493436518311,0.0005496057421736297,-0.00031995004825965956,-0.0024627166253701205,0.005173342932155545,-0.0005653642322081542,-0.0014007693620290418,-0.06444590529897076,0.041996975463184
-0.0024313071832673117,-0.004065330483578211,-0.001909821554478705,-0.0010378800320198778,0.036018358707272685,0.015249873574320894,0.0036092885603908886,-0.00977781361283836,-0.07372257416563999,0.012797231864582004
-0.001310876996619359,0.0006604898923434077,-0.0016817079824602392,-0.0003991734716653206,0.050721423540417004,0.011528171830203937,0.010034492273134688,-0.005540183579244851,-0.07521152083818672,-0.04761168157503863
0.003433777279035849,0.011771051612113448,0.00022536980320811417,0.000532967716944388,0.024046452363208126,0.003324593701800327,0.012543680022401915,0.009248567637054339,-0.06551901019093043,-0.09793727930353976
0.0062028406733615205,0.01783994838002778,0.0015030554963606328,0.0006030068122779009,-0.014640367503369223,-0.007317222375647137,0.004036723206508386,0.01652922111576338,-0.05515553718962973,-0.12397126270004835
0.002617699664123896,0.010165378537325687,0.0013892008681173802,-5.628341422184158e-05,-0.02985788395267988,-0.02795025293797576,-0.011424142929064685,0.006750584021957495,-0.06711818440354111,-0.14316026072630228
-0.0043068416618669,-0.005800376076706193,0.00098260382834316,-0.0005145182394519499,-0.02068616295104178,-0.0570833447907137,-0.026521253390963784,-0.006312707300733911,-0.12264641349188943,-0.14658609833892955
-0.007507052407844411,-0.011152278783372882,0.0008120653920550107,-0.00044317511837660417,0.0005844670013394615,-0.07526254339509247,-0.04322752579639155,-0.0050073166267387,-0.2230426827369627,-0.0952377002328979
-0.003931049391562524,0.004564976202548143,-0.0010687106424413992,-0.0005471891661941175,0.051861540396886896,-0.06363211749797482,-0.0586520042726264,0.006268451630512428,-0.3350584541873963,-0.0013386162267872148
0.0019687812456468112,-0.01766687335067041,-0.007893919696131195,-0.00161196961202012,0.1637735972129545,-0.025855810960423997,-0.05863210737735047,0.008030290548634966,-0.39546401077136595,0.03925762201930738
0.0012950297965629853,-0.2462187561764393,-0.020001677125394697,-0.003316376819571948,0.28806986893864717,0.0193734557211791,-0.06677538896250401,-0.004318521635177985,-0.3568742872993224,-0.04773851465252921
-0.012159095285237675,-0.7544510195247763,-0.02975176136124038,-0.004002912797263503,0.23854616797574574,0.06517413935688399,-0.15359064660198385,-0.01283601539187218,-0.2564394853367386,-0.2023397246206351
-0.03240207884084484,-1.0730795093368495,-0.022101440046389927,-0.001794370791087907,-0.15341737748663287,0.11650758919894577,-0.2882220659574569,-0.004646142222897498,-0.2090029726924631,-0.2750639255036347
-0.03783746022996451,-0.2536899325386277,0.010963257836405248,0.0033516665788276,-0.6960453297627931,0.1522415095824678,-0.24665703201409772,0.006287991026531881,-0.269988809077556,-0.17195863482984697
-0.00840559708442079,1.9105564672561477,0.05119580203354794,0.008338814353596014,-0.8049813724222277,0.1159838854984971,0.10531991499685733,-0.0009979047857379686,-0.3310438235513149,0.08129669919859328
0.04470571339495841,3.745713250076034,0.06057753843344747,0.008795106026918575,-0.15096089067572982,-0.007755240749831728,0.4710814506176957,-0.019869390357319217,-0.2420425964025089,0.38943863895530895
0.0768035773121098,2.8655856067195096,0.0220260356319755,0.0036390828720263557,0.7195484990627219,-0.12247233064114929,0.3997250982000404,-0.02108683793079358,-0.019711090503160555,0.629192166487828
0.053535670161031446,-0.8772422615785382,-0.032301250897352696,-0.00276921635925792,0.8712033333080258,-0.10400173966229964,-0.05359453611971221,0.004775777898931688,0.15875675287185242,0.64608656345267
-0.0064663174699272075,-4.435878291039909,-0.05138290213997429,-0.004737555084351142,0.16208343283361348,0.028483826565794623,-0.3215962904268556,0.02931253432714459,0.15729870687700576,0.3408799787158729
-0.0484187391627785,-4.533225766577905,-0.023255489883369885,-0.0014928296508828487,-0.532529955911524,0.1139526722384982,-0.0976001035796411,0.022637550341564394,0.006232963397608815,-0.1408799767398663
-0.0409293734602616,-1.2431530313914068,0.014444830543357177,0.0022299507453309997,-0.4544567068816722,0.05758737096852422,0.25352857826336717,-0.006042557122094283,-0.15238080677641552,-0.4190196546370111
-0.004866966375818488,2.2117600874222463,0.02347449252733717,0.0020781155355042713,0.11984810200983687,-0.04998068176326596,0.25084155458310486,-0.02122501795102899,-0.196522137168039,-0.25721441646012205
0.018923483210631642,3.056371313859938,0.0067299218110539495,-0.0010225876853820481,0.38639171046096704,-0.07267007330158895,-0.04621590414425647,-0.007537532912232692,-0.11806767043345623,0.1209609782547862
0.015538965845121044,1.5291775144215087,-0.006537153082320116,-0.002722972641310273,0.09921682487294445,-0.010353582180141624,-0.2079827454823422,0.01522800959642795,-0.00794922032445533,0.2773492670708205
0.0012156919949235234,-0.18313213003062856,-0.0022066793932090083,-0.0008814045663570469,-0.2520161377629179,0.030028640088310493,-0.07206556334437875,0.022352282256150213,0.04874944852276086,0.09086956203059215
-0.005701722992889874,-0.6715524470269663,0.006810884229214243,0.0021313381865342707,-0.21527048780697097,-0.0025862938124688872,0.09734522763023501,0.010865885993055102,0.04061737969716517,-0.14478768416178905
-0.0039853156154459335,-0.3580801039196113,0.004813197876397255,0.002754056836624552,0.07559597172488347,-0.04654129504375629,0.054237386633009144,-0.007682038640604016,-0.007717834133026846,-0.15215075738145603
-0.00158234170838642,-0.2632189862664742,-0.00561190771689931,0.0005686993023700515,0.20557120056501157,-0.029513945316379797,-0.09530765652739848,-0.023351332288061855,-0.0833310409401784,0.002234962694755316
-0.0017280324977061723,-0.5689331599012988,-0.010729931093033912,-0.0016392497820292562,0.05444937779575072,0.030795265821633278,-0.10232691685988138,-0.028388422292566717,-0.16101339292571848,0.08041970681696478
-0.0022487262937632424,-0.6739623349038036,-0.005006355868103424,-0.0016360815779365712,-0.12747338141650227,0.055838036873276736,0.05208026069130056,-0.016805114221482287,-0.18282571560474992,0.014435310672091195
-0.0018474796641884672,-0.2277498389850413,0.003909412753797778,-0.0002388967990565316,-0.1102743616076593,0.01281392584079677,0.15409347787641803,0.005025992777634658,-0.11690503879022884,-0.058797954862622404
-0.0010399901099812925,0.387163001977215,0.006841511512463825,0.00036680093250679446,0.04500372185323412,-0.04427130599039175,0.07230088013299324,0.017930920002090678,-0.012842625421006781,-0.03421886001228219
0.000520911258521356,0.6009752514261458,0.0033631706597771517,-0.0002680199502982372,0.1263608072975237,-0.04843617178526902,-0.07589606557276368,0.011360343526031935,0.048352457608078714,0.031881659064999346
0.0030351418257412444,0.3427370633115069,-0.0006733392835488669,-0.0006846560987894268,0.053519461027870814,-0.005921167905882929,-0.10270551496108515,-0.002344951208614998,0.046608840209609204,0.041590060328965006
0.004028582002600395,0.007839020928033458,-0.0015913861932175255,-0.00016742134400576925,-0.05991060389430795,0.020006518160474912,0.006586484364251688,-0.004932292172202979,0.028480427464863345,-0.0008105621856930312
0.000776985728734414,-0.09209080377687434,-0.0007137316034561553,2.379923415704588e-05,-0.08155205875024857,-0.0011137189396978886,0.10012377462103528,0.0033395565733370103,0.03265897578331445,-0.021544146112397272
-0.004657687690561324,-0.026979724863716137,-0.000384036048756517,-0.001202195654348509,-0.014553711735613789,-0.029095465625364914,0.06786165416610818,0.007041058245374376,0.04787341749739649,0.0024749286814700067
-0.006153645914628664,-0.018154803495531502,-0.0006308931625985132,-0.002659685287314917,0.04108988927931698,-0.01303688066731562,-0.033409142297186445,-0.0008104572621231987,0.04583815924169077,0.022256150851756973
-0.0009332246102837227,-0.10665618983697905,-0.0004407204954202347,-0.0023855743425330034,0.029278195087431402,0.03726270116986019,-0.07351456401525602,-0.010306921389783619,0.025786120552075742,0.000332386401297291
0.005634598922713868,-0.15228288850125288,-4.0283383090290725e-05,-0.0007249647141527871,-0.010123914440553716,0.06222734571358904,-0.012903946501873986,-0.01056376519218627,0.013430413898510185,-0.03750629834971053
0.0052598593715147135,-0.07189966372685812,-0.00030196283855123997,-0.00016345974923889783,-0.018568195900245554,0.02931342727541042,0.06637742426918736,-0.0038276718924367126,0.02902852391320332,-0.04362799624298694
-0.003034815870601254,0.05014381311990944,-0.0008329847860008618,-0.0016600706679363864,0.0030152727979502747,-0.0239666726320244,0.07359749706537588,0.0009363240647171645,0.06730877415940961,-0.010013316990377802
-0.010387041784825274,0.09261873470198029,-0.00027199420716141065,-0.002742022927845006,0.01375732616779235,-0.03704714301270498,0.010553168460142426,0.001156124252517432,0.10492907584492905,0.02802787592525166
-0.008502192019667565,0.04662591185650827,0.0014234608626114368,-0.0007184928958899328,-0.0014093006729064272,-0.0019096985511892484,-0.04861670199052032,0.0004875468323299881,0.12282724712446491,0.03491758774668219
-0.0022701837088232313,-0.010524625451675707,0.0022007435042364354,0.0029901328686529893,-0.01834858810756959,0.03286303965400039,-0.050241677149351405,-0.00048038912589470906,0.12524629144068666,0.008359490014442333
-0.006825350337900077,-0.03733386131869543,0.0003095838667389293,0.0038779441293348704,-0.01639103613104284,0.029618762166777224,-0.009946342067885361,-0.0057859287970351,0.1401810221554416,-0.024572774464280106
-0.02593165060530861,-0.05719315661543853,-0.002983333089368224,0.00021402412077817234,-0.003693156236731082,0.00282273114494333,0.023457806007232573,-0.01580439361941488,0.19269428185066062,-0.03668362848393489
-0.036534869686302984,-0.07647281059436334,-0.004266999366174843,-0.004110908325496404,0.005736533434680113,-0.015722559784491302,0.028023112673527195,-0.022175252577407545,0.2675311907386904,-0.026437269069928368
-0.009301666158537267,-0.045797948856512505,-0.0018929299485160415,-0.0041675441656701395,0.01502366047818729,-0.02456258087050775,0.02078484427173921,-0.014463665056760833,0.30647272541511394,-0.015990313516504095
0.048160511516261176,0.05930151516428811,0.0019356533286576001,-0.00016525403701816987,0.027674568544197142,-0.04385307176044559,0.022190358343916472,0.007483111091576178,0.262585238161836,-0.023093287652363195
0.08352269872532922,0.16349580047884146,0.003639733436895833,0.00302351097023007,0.026924874682957206,-0.07210925462968906,0.028587613015503,0.029187566833228595,0.1580312464759807,-0.03921819782808314
0.053807826455374796,0.15801548119082803,0.002155100363372244,0.002128072751037602,-0.002079967349715106,-0.07714379059738152,0.02356181936230961,0.03241028143173441,0.06995066019833679,-0.04232381067587257
-0.018570257975656534,0.03633381591267387,-0.00044203692859084466,-0.0008994087815342722,-0.038341053468211594,-0.038095857314096204,0.0021306955946143735,0.012587149969064515,0.054160656593344625,-0.028577877826787643
-0.06474095503481064,-0.0871604277666927,-0.0016983387779161696,-0.002075267067218084,-0.04214486211034224,0.01717250924395447,-0.0240268767101115,-0.01481470381667821,0.09622597295839402,-0.018589663304448376
-0.04655970986027802,-0.10750239353720803,-0.001152284229777891,-0.00038935267190912115,-0.007680374781642407,0.03438196619062023,-0.03751694096333219,-0.026688578934769724,0.14033240036461803,-0.0273786630385899
0.004018675132418964,-0.040793955903914436,-2.9061436797339982e-05,0.0017303141048077009,0.025936603905047456,-0.005884631447381938,-0.028642574650764807,-0.012536148065596997,0.15002434957100563,-0.04150508378901291
0.0300315071298492,0.016615315769199945,0.0004325265467675244,0.001983042437674193,0.023216925751602335,-0.06309603712543799,-0.00588999903987808,0.015354739177352361,0.1310142651528099,-0.03815631207786584
0.015983520317137317,0.011398031948372467,2.1481629871297758e-05,0.0006219781741340358,-0.00659884764643065,-0.08090060237122271,0.0077441346927294985,0.03138960482550035,0.10616807220922342,-0.018302999464278352
-0.006618608444541957,-0.020755255239038706,-0.0004867002984794925,-0.000608195012245849,-0.026485081330841487,-0.047384485832269396,-0.002064683136206613,0.019727014188620495,0.0858356305582002,-0.005755121725412676
-0.008899314443646084,-0.023574189922718536,-0.00017124226882320702,-0.0007225643882192156,-0.016731811882383707,-0.0013402350952729236,-0.023893241062261317,-0.009661899909019611,0.06692739419100802,-0.014504713613005621
0.003019644097383728,0.005835645821224783,0.0009120545805272919,-0.00022855668762625236,0.008856079523253263,0.015160702149971561,-0.03536596206384268,-0.030225179319152806,0.04996274838206771,-0.029286447673087634
0.007698490746951447,0.028441382615733896,0.0015661741323923853,-0.00013233433599629807,0.025300051553728775,-0.0030419033384786465,-0.029989043066906862,-0.025435092782085056,0.04331510628779389,-0.024219958556012722
0.0010106605137443492,0.023390173509482304,0.0008382914523079269,-0.0006533005744792098,0.021268646438223293,-0.02999745080362015,-0.01871805567937157,-0.0032401486815236136,0.048653050540180764,0.003731611936319157
-0.0038125443775400836,0.007966644758431007,-0.0006767277585315173,-0.0010287112367478313,0.0014671945416075416,-0.03989942773981403,-0.010766192281003173,0.016123506281935207,0.0529589857856263,0.028610905993195768
0.0003499616030486763,0.003232233037084198,-0.0014523854703423506,-0.000575277241886385,-0.021447861790671735,-0.027547096292235618,-0.007296073654788349,0.02070731730279668,0.04299319160741,0.027375566934788542
0.005612014714489022,0.005721768424821028,-0.0007295926442287409,0.0003383861208905159,-0.031073048334267245,-0.007570416997274121,-0.011399899678077197,0.01246443505008138,0.021505208191805014,0.0100147290100564
0.0034513741572334,0.0009379731332248009,0.0008598274073040261,0.0007270587815040863,-0.01648522111539305,0.000853789522580084,-0.02720354698796823,-0.0009306585137608958,0.0006965799174816212,0.00454813358314618
-0.002904987795905034,-0.011331825330253176,0.0020374771880750132,0.0002537523943682285,0.01186665972277856,-0.007383583291626916,-0.04507332537659137,-0.012384828348051491,-0.014893785388043312,0.015784896896040818
-0.004853041871566904,-0.017624944604862802,0.0017990491023603845,-0.0004155036875186091,0.025562719284005636,-0.01897888345983012,-0.04292477425646701,-0.0158573327190214,-0.02943389086899062,0.019293938014106005
-0.0011315778725794756,-0.010590525579568855,6.676598880201931e-05,-0.0005901886542293566,0.010676489722410865,-0.01841561925047086,-0.013278610650377831,-0.00889244618437135,-0.04479666901064139,0.0007149894049090222
0.001598532131473901,0.0022209945786126895,-0.002006356742129921,-0.0004164465616714741,-0.010167235086908144,-0.004165085820013403,0.01879115108192775,0.0026464375099180537,-0.059393229471712994,-0.020458404090457988
-0.000811570547693069,0.009112841366302804,-0.0027759303983951513,-0.00042013356284748005,-0.003953043042706772,0.013972567499619504,0.018517202623534068,0.007503308001898024,-0.07478488863838328,-0.01828067283886886
-0.004217592924757624,0.006812394961523693,-0.001646211689704408,-0.0005289829433363091,0.026659544405871316,0.026725997965576953,-0.01648732389804697,0.0006093894330937988,-0.09253471269120461,0.005113462695651827
-0.002694775192844584,9.083215564836822e-05,0.0004198308387307493,-0.00020367767510523493,0.04151020527312679,0.029671755381321274,-0.04835687931491128,-0.010447050979929429,-0.10585639132072489,0.026678527432401622
0.0024197614252635946,-0.006065130158595333,0.0020754927983246997,0.0004609520810777701,0.013596357532890846,0.021106821775638385,-0.040926470272456994,-0.013313256459813516,-0.10563385193704977,0.03266228724061568
0.004210861436988206,-0.009208348574111291,0.002676531405015172,0.0005825430986061975,-0.032750559417857816,0.002202620067562666,-0.003068072626183027,-0.004186764088237094,-0.09639709327626489,0.026809090946662575
0.00036907903079555493,-0.007003298691389048,0.0020675292027493887,-0.00018102020053967216,-0.04754057739511994,-0.02037808806244057,0.021495006692130114,0.008308958104295938,-0.09606363378848026,0.014659168054331262
-0.003771805945373824,0.0008554769826928377,0.0002466411715966628,-0.0009211984294168751,-0.014929968210320277,-0.035302772487314615,0.007383997331274372,0.011887644225948568,-0.11554334347213058,-0.004176342529310595
-0.005226632768600165,0.005719149677127,-0.0020712110861169607,-0.00071886883235045,0.025911269122441988,-0.03306556387250703,-0.02318305015129829,0.0027189785404509448,-0.1460691276748361,-0.024411972160182857
-0.010611394492967191,-0.008078122837953006,-0.003204946499116434,7.906695480758286e-05,0.027599231119206202,-0.014276046214165339,-0.032723105931904195,-0.010657290777582928,-0.17012872783343996,-0.027554892729068498
-0.02485253779806268,-0.043170724823026085,-0.0018866246419229002,0.0006192189104588519,-0.005869798097026507,0.006770110291674958,-0.017423748643687564,-0.015841319986410085,-0.17811530156527067,0.0006256461473041763
-0.03453993994278734,-0.070340666114836,0.001032182437810501,0.001022928791985428,-0.02523146165841031,0.01062499766888525,-0.0045932542705483526,-0.00926440611815299,-0.1719155227695583,0.04477512218113791
-0.01664812614120892,-0.04681482449229073,0.0030651477267316443,0.002009030271415413,-0.003328147083374977,-0.006800828428308536,-0.0065172603101030235,0.001046410290673594,-0.1587863901621456,0.06618336755905392
0.028195040024088708,0.03165414348563329,0.002638246119267121,0.003124260515763755,0.028238287830679,-0.02326590225335634,-0.004220268799845162,0.00548735170877418,-0.14340111948129533,0.0452878369922029
0.06340464050140535,0.108243770681548,0.0005935247059029279,0.002596097289252447,0.023840599795114825,-0.01261107423330321,0.014974293788449389,0.0027715092295751975,-0.12143132861796013,0.009441018829984167
0.053032351546032724,0.1163325292482878,-0.0011165380634204254,-0.0003135818834542059,-0.013743891122630442,0.018752169758086024,0.030954661878098477,-0.0008448906441003712,-0.0834053757005393,0.0021868323250816765
0.005908110143378553,0.05147853733340607,-0.0015219665972135282,-0.0035531589263293473,-0.0364686425802184,0.03276440704360195,0.02214219390528127,0.0014396881049643095,-0.03140281820541979,0.027776336812818797
-0.03226437664926199,-0.025740661655410668,-0.0010011688124869477,-0.004063886094698932,-0.012263087649863114,0.006595084542005081,0.003925176947844999,0.011445367322074018,0.011948355263855848,0.04632081181133295
-0.030667184116507207,-0.05801183850551844,-0.00034060980837172586,-0.0013343494310777415,0.03270609037664829,-0.03304730353000496,0.0080878771770716,0.02259467644273816,0.021906392498420968,0.029515543448632914
-0.0034885490447474077,-0.04407586572550559,-9.303615217918712e-05,0.0018584934266556163,0.04265486730750745,-0.03799395081371759,0.0318493609564201,0.021262563670230994,3.475074273695533e-05,0.00015175873048356436
0.01432789577272131,-0.02051613500360472,-0.0003060430682989279,0.0026445986139508326,0.0017110494491075073,0.0012584161831059593,0.03776437236584185,-0.0008644709285147156,-0.026064901927757567,-0.00134567280067871
0.008371140741600502,-0.011000918710626306,-0.00037263679737773413,0.0010915813183319523,-0.040734713343662396,0.04044291254200982,0.00955679375114682,-0.03162201990923591,-0.03577205159107866,0.023412546729283806
-0.006606106692188085,-0.008630519635612732,0.0002952641610652739,-0.0005862526980055793,-0.030033159424777023,0.034967225029972515,-0.01922227859170489,-0.043151792530811084,-0.03833460933932187,0.03132752665541447
-0.01135426207086121,0.000387609005966405,0.0011926114911846707,-0.0009423463766332907,0.02001477706711119,-0.005387230304255919,-0.00958275872695391,-0.02067213343417207,-0.05499295562869333,0.0007531781223802103
-0.0035866013202873193,0.014049620639177807,0.0011024152866334208,-0.0003495729532321523,0.042883480767484355,-0.03171509734879585,0.027371837185568015,0.01660565290408389,-0.08690064411411202,-0.03277751184177671
0.004890514987816036,0.019287567525127947,-0.00024446616006051566,0.0002659007758080145,0.00922189620335434,-0.01766859236896534,0.043034198672160295,0.033237415206635756,-0.11179307989522325,-0.023275931585151483
0.0028096516692641405,0.007610078280382959,-0.0017382569496040574,0.0004370145014219451,-0.03408957611971575,0.014841209543968947,0.015535080009555946,0.017384448091667393,-0.1083970350143163,0.02003006492059664
-0.012127307497293516,-0.020367048580951175,-0.0022740018106175465,2.9115174421001644e-05,-0.03184996441751167,0.030510580556706968,-0.020637911028604017,-0.006456027522028285,-0.07513159330568064,0.043246862783299506
-0.03124179351563572,-0.05509280809191769,-0.0017724139093859073,-0.0007730603839798955,0.003374867063080794,0.020775257104394984,-0.01820905182740562,-0.009000135117258001,-0.02710663246275824,0.020933676998388107
-0.03571231533238148,-0.07220658736829261,-0.000769903922789382,-0.001245227539894117,0.016169498827313666,0.002488974658335197,0.022936349320055505,0.008342852818222835,0.01728912895765089,-0.012761915882964242
-0.008923263237201662,-0.03990359108533954,0.00020394306140519673,-0.0007400091722917501,-0.007953729596907627,-0.008501509696395515,0.056050603047259506,0.01879589672354931,0.04658429026454791,-0.015793116269768842
0.03993020162106797,0.043892176333624036,0.0007040508955371422,0.0003186540671392124,-0.026212071764060763,-0.010596024698784956,0.04631087272486889,0.006275020128826803,0.059623640565019786,0.006034236239469581
0.07097068323508926,0.12474222206724539,0.0004991102643563221,0.0006870152168517996,-0.007756577324383451,-0.00887342796362367,0.011524754480234822,-0.01575736921316312,0.06258447955486379,0.015108377728615813
0.04991937569353913,0.13070559557618439,-0.00010652621329532846,-0.0002738394666280397,0.021226940033105934,-0.004468563105147871,-0.00504992969414686,-0.02288072516928813,0.06154434929669361,-0.003096816857540541
-0.009032553540477384,0.04979320267476478,-0.00045287790624027636,-0.0018240404933862753,0.019509805718192247,0.006654098658520402,0.010975633099803539,-0.008041425456105977,0.057128035132055555,-0.025856356220650606
-0.05201894686645667,-0.049667166979933675,-0.00023366182391095294,-0.0026087566516957428,-0.010393113376876234,0.02621440102972128,0.03447834295900698,0.012439613851849107,0.04717911957382892,-0.029038516043682322
-0.043184009488275915,-0.08848577771924448,0.00019074890349101044,-0.001958807947406299,-0.03011478218448685,0.045245050107735274,0.039012073106413636,0.016384298302439204,0.03399278338722511,-0.014747240011164675
-0.0017678196558038317,-0.054272876296507955,0.00033095331290383147,-0.00042563409996476675,-0.018784465774023595,0.04684457612124726,0.026546625997095397,-0.002496654933699216,0.02653816368654993,0.0005867335221048375
0.02555414888544094,0.0002610332093578305,0.00023456729275864695,0.0007747709901706756,0.0051323828018499384,0.023791844036266552,0.014655817008066896,-0.027211855987596012,0.033361275650078515,0.008238834701384062
0.018226139273798903,0.02327440895929267,0.00037089043288597925,0.0008253727370720609,0.015163681987049454,-0.007347374284552011,0.00938184258467345,-0.031957053442349725,0.05254485498450345,0.0075178223604173144
-0.0037204568918113023,0.011017109496279653,0.0008298258332303573,-8.787502983656492e-05,0.010669965367261863,-0.01842075181474301,0.003394355738450816,-0.00749583719267094,0.07101747568211803,-0.0044085750874408025
-0.012045783474548794,-0.006338215534571701,0.0009257040210761784,-0.0011630519151766272,0.007560915991426442,8.799563345851524e-05,-0.004683936380874165,0.027300307973418425,0.07730848114132899,-0.02789185650371609
-0.002924192457610608,-0.007625923851477812,1.984196626574411e-06,-0.0017708452758378734,0.00699910294011416,0.027490124092535928,-0.0037935341004141643,0.04175682144039056,0.07390144376172819,-0.04833894429273598
0.004526162103378223,-0.0016271990767185995,-0.0014077570116419972,-0.0016964133698129935,-0.005196665118507887,0.03720123890805471,0.012074410420464088,0.022519024506075902,0.0728327335431565,-0.044186136239035875
-0.006469118981640154,-0.011498927090923095,-0.00184581958695163,-0.0009508180583308601,-0.027524204345951764,0.027053249176597904,0.029807602365648778,-0.013952148548053878,0.08030343508735127,-0.013874450176187724
-0.029937166036262813,-0.04232768136533954,-0.0006974857857818314,0.00016058160228840657,-0.034319995993699254,0.01677792505058162,0.030245779345201618,-0.037127359300906326,0.09119194033268349,0.016206499639571773
-0.039182984639534985,-0.06336541786704958,0.0008528486709198976,0.0010138860865324395,-0.0099877120672619,0.018893743440607902,0.011205964902307797,-0.029415205354962948,0.09837571712349588,0.02048611525031304
-0.012234835638261651,-0.03170510144518465,0.0012130632134271877,0.0012581854685767557,0.025102114007805876,0.024217764819751686,-0.011359634772058202,0.0001239583374148534,0.10058238780079416,0.0034627419823260036
0.03846640833761504,0.05301963599114268,0.0004108397315343206,0.0012179085959407032,0.03808083569484841,0.01855145990940049,-0.022020521037334817,0.024597035598999117,0.09947808708284203,-0.010611350890323397
0.06765786819872216,0.126034652817989,4.377973648329869e-05,0.0012168949614605462,0.02182177653151926,0.0030038502360565933,-0.017011064087532446,0.022449919981881006,0.09679509273294096,-0.010361101566713743
0.042048659035709646,0.11443128005646197,0.0011454877385008132,0.0008763698339904757,-0.003979321493990856,-0.009302875390973686,-0.000739583032264346,-0.002825670879209208,0.0983275381581929,-0.0047264890283072875
-0.017259538847995415,0.021096944532502993,0.0026505911476085997,-0.0002349170258262867,-0.019201228841928375,-0.011157148360269042,0.017831500181073046,-0.025060323847238608,0.1122155572077777,-0.0018085103248838968
-0.05211658815598852,-0.07004549690582279,0.002490627008349535,-0.001484240795527142,-0.01621836994482151,-0.008457550711577666,0.02650333383841058,-0.021877337920127582,0.13632726418412056,0.0017761852569413705
-0.03146309360607477,-0.08345737451980206,0.00021672396978544145,-0.0015172403888429609,0.0022748375458098713,-0.01067089812476718,0.017836903963356465,0.0007499224873758203,0.15504100536525656,0.00911780291749971
0.015086893161111448,-0.030182308932225566,-0.002080755500822748,4.7842414140353284e-05,0.02077415289495363,-0.01909928147160539,-0.0016335006052593526,0.015905524481670763,0.15657211465157705,0.015836697473338004
0.03564964671261367,0.01716776678646542,-0.0020909070221353226,0.0017989098442385554,0.015990922611595376,-0.02579666250600371,-0.015449974700719793,0.008382472608269187,0.14678419520180874,0.01764676629963565
0.016178113519491638,0.013722124430774751,-0.00015741239587797884,0.0019379522809344074,-0.016132293413298138,-0.02328310859604865,-0.01218185227995,-0.008386583114156021,0.13789617696787015,0.014246824704163774
-0.011494938843592262,-0.015721518317562633,0.0011971364201386527,0.00038013538755518606,-0.04513014161319448,-0.01515559494404306,0.0059321171208213674,-0.012531275194719416,0.12993975278165903,0.005110385980673482
-0.015461085505597716,-0.022261195311798432,0.0006381306206773886,-0.0011210352916460609,-0.036777460237721354,-0.01438592724061194,0.027365064763084868,-0.0016313156273545792,0.11349386724691324,-0.008070686187029413
0.00023196334277003627,0.003623606896894449,-0.00036408504500980154,-0.0010684818427835197,0.004483736349968903,-0.027610523417507915,0.039014099990377915,0.009497691930065832,0.08807238284171004,-0.014628946664886039
0.009668288404749509,0.02875039658536127,0.0001162634782672714,0.00011084432962940594,0.04011305739359755,-0.044190334128061726,0.0315584147629952,0.011723231540553658,0.06633387389151801,-0.003247900959097688
0.0014170383844597234,0.025613580036816297,0.0016125536764359655,0.000849223275483979,0.04239124605059258,-0.04733333301266529,0.007329118332150608,0.00812400833427901,0.056526064318442426,0.01840200158544951
-0.011160094487877803,0.0035658264027421116,0.0019433554438223928,0.00045843795078970295,0.0211987819676053,-0.03474340701348089,-0.015286164965174875,0.0011780855596716377,0.05043042131859243,0.023543762330983445
-0.011756112606763458,-0.011119505376531225,0.00023929059508622993,-0.00021359912422769245,0.005552245547949142,-0.02107504439206953,-0.017203934121902298,-0.009830846435178009,0.03709310084828732,-0.004636269874306834
-0.00132085646928487,-0.010124837595990088,-0.002008745169996457,-8.051771677552999e-05,0.008310251202665875,-0.019466821585682248,-0.0024340813998869892,-0.017587532581760656,0.021300861715068287,-0.048296252633773275
0.0071286453618318035,-0.006010694550770634,-0.0029940482852033046,0.0007370259422171677,0.014374419068997085,-0.027003224048441465,0.006136786768027647,-0.009839470336055367,0.015505434968190235,-0.06893986865835543
0.006567661311199846,-0.007531520368217748,-0.002528225644801879,0.0010784540325716463,0.003595997009168933,-0.030254161912015243,-0.002118037143473417,0.01052406014018109,0.016225273150484165,-0.0492061927867173
0.0021170867325343568,-0.006974721206748413,-0.0015215260804717062,0.0003058555246931993,-0.019749025408558746,-0.02099012672838252,-0.014651178617378968,0.02237555275151004,0.0046425803799170495,-0.015207684002071176
0.001185055703160326,0.004604820594493353,-0.0005214596149812414,-0.000640184705865271,-0.030472934389484868,-0.005132662433171453,-0.019838902057332464,0.011705033001296383,-0.024552471269277953,-0.008201839855703413
0.003625611187077993,0.019690001510091537,0.0005049146828995359,-0.00023321547449234314,-0.016799848061118727,0.001281704856166077,-0.022458576376718553,-0.0093418824199899,-0.04946322811549675,-0.03447710199167493
0.0036758805481321433,0.020980421497303003,0.0015163329829248427,0.00150994942867963,0.0033648546457372697,-0.013426451214127999,-0.027349447221360568,-0.017327363688621533,-0.04920670306925845,-0.05877710618333082
-0.0014401874507066759,0.003677503669795301,0.002212781190498357,0.0025355883353883613,0.008810037797603532,-0.04145836819568993,-0.02743867053709892,-0.006189651638318749,-0.03916473600355008,-0.05526268348296756
-0.007714102407909457,-0.01460318093400681,0.0022307764150955936,0.0009664362059934872,0.003948438210353761,-0.057979501537938294,-0.018895603181671106,0.006910607001577529,-0.05997403549755753,-0.04441764082352753
-0.00867590964725376,0.0020379665423092552,0.0011276803395277799,-0.0024873048665358943,0.009864985877846844,-0.046834267908869576,-0.008689090481439954,0.0040581679683443506,-0.125631216061594,-0.05528007330644236
-0.0022549014744037976,0.10356528789209662,-0.0016773688803986275,-0.005048693116023267,0.043961114087481906,-0.02106215889139873,0.002236341752122062,-0.01080509529207141,-0.19602676202609914,-0.06582296768236295
0.006065908193266162,0.31076740999069197,-0.006929884578313811,-0.005091116736926998,0.12732547671614208,-0.008860844339048768,0.011427600145296812,-0.016247578600319446,-0.21548236163409795,-0.028493835292121128
0.006472788111382355,0.5198834562244637,-0.01489242255804656,-0.004124714030279197,0.26449986478854487,-0.021647588391438655,-0.019805278413458693,-0.00017952442492041865,-0.18363728258200007,0.036253328794298434
-0.006471167330440869,0.5560451010970997,-0.02216926128626867,-0.003988922168242204,0.3299542130253762,-0.03754039829734923,-0.11359936175949786,0.022701910797972347,-0.18225997305425767,0.0550165656438632
-0.025400647376604635,0.47955156623913164,-0.01918172777990478,-0.0022791848226137446,0.0521206797805811,-0.006907303185377689,-0.13591419073349642,0.025627624148977235,-0.2973572265323714,0.06482527804838267
-0.03178053194076316,0.5962733520959587,0.0017966377658730978,0.005377202595181374,-0.619222661082794,0.10949469867139039,0.12467913034850009,0.0014612795202176843,-0.4828617962401215,0.21223270227932683
-0.011911786388013546,0.7507444614797496,0.03053266899782582,0.01618653229140582,-1.1147606414769646,0.2678066618927988,0.5455692220162025,-0.026671945637137207,-0.5574397302014186,0.4376514335937578
0.025178759083587993,-0.002498449473966158,0.03976969273260406,0.018844298001079313,-0.6815741601728924,0.3257538629905543,0.5523497127512844,-0.030718797548233645,-0.4216736919347214,0.3848940309363365
0.050376030363372126,-2.0826657100330492,0.014917248232793827,0.007268678175596344,0.5296686047508359,0.1784766051502329,-0.1721446900512778,-0.009148442754992547,-0.22087391465305628,-0.07281928047263508
0.04156771961210623,-3.884332620554047,-0.021985140126007458,-0.008423219795906989,1.3116429183127072,-0.08228556253122676,-0.9953319591165413,0.013735103563475404,-0.1668543675448073,-0.4581186507210223
0.007205053676103079,-2.937723466274876,-0.03275745210159822,-0.012303651332046528,0.7973350059860569,-0.22707794193764752,-0.9320399789092998,0.017363708771806874,-0.246378935151512,-0.2709485584965407
-0.022369798513918127,0.8972555325979075,-0.0075976984508363595,-0.002244603551750074,-0.37865291364220316,-0.1365681961355386,0.028118527066004706,0.0053151384960131165,-0.2540149085976944,0.24431093147603133
-0.02632942430906718,4.4552161178827525,0.023831604922249505,0.008195348241965383,-0.8674946412279144,0.0701613172886777,0.7946965565582189,-0.004105740013215786,-0.09398697370526077,0.3991414556742798
-0.010773839172866673,4.420319711139361,0.028663036843621197,0.007523011882285602,-0.2989709365212127,0.18422404320882163,0.5702002724878006,0.00029648999416892474,0.08983119571690801,0.02979460334884121
0.004409828889537892,0.9880235178602472,0.0070358900653577396,-0.0008173550776303939,0.4155954541311016,0.13442070200028633,-0.17530476044502685,0.012935724029356499,0.10690240966816833,-0.3174532150542459
0.008174721189690398,-2.4623505146106592,-0.014103935201617561,-0.005580036531554811,0.40721487212704044,0.024228397393374485,-0.45406257703243164,0.018749428076279884,-0.045578735366111456,-0.1954284848007802
0.003997054152669599,-3.1442576435965695,-0.01533139513443053,-0.0024829755449407576,-0.12157506419399705,-0.029560641594520737,-0.06213493682225435,0.00844931371018709,-0.18625047964315655,0.1714442299186675
-0.0008029423801014235,-1.4625791344700185,-0.0029976890253746082,0.0026188996828394873,-0.3859976741893904,-0.02730706659702936,0.33221391711369175,-0.010374491964122379,-0.1614714785088589,0.281345577885032
-0.0033914585550924026,0.24431312890287393,0.0051246488823171515,0.0031844317110400755,-0.10681487984851223,-0.031123254654422006,0.2091601726601734,-0.01844731311101977,-0.013438477930497683,0.029678801401849086
-0.0036549775505930193,0.6329724896451802,0.002554856718531064,-0.00019779411011022763,0.26551821336906434,-0.040411725049312563,-0.1816389652050645,-0.005995437321756392,0.08242880052418577,-0.24429843389335804
-0.0012792782748871911,0.31834609102309297,-0.0025776954368530777,-0.002429539863083169,0.2612210690512121,-5.832710317471568e-05,-0.29497340045797615,0.012950675538647316,0.02639406483021789,-0.2491753480520298
0.0022593566814135546,0.3503278861526182,-0.0019205984832576847,-0.0011546118938158823,-0.040679816604113,0.08251467983537669,-0.033249352692970024,0.015055154080184818,-0.10210524164838786,-0.050829006692281686
0.0031143809001912826,0.7160045425725968,0.002871506989603244,0.0011681904738908566,-0.22971678978287902,0.11537158318925056,0.221119246230413,-0.003114308136378141,-0.1528543068567827,0.09994749706064836
0.00019260050154096264,0.6797632416482368,0.004996600549639544,0.0014770171138063781,-0.11906044789383205,0.04434864430552242,0.1705940209950323,-0.019615093391812055,-0.07323302578859181,0.07992501756981882
-0.0020385207595341737,0.031403118549430786,0.002182230755747897,-6.987736176614079e-05,0.09334538228682751,-0.06423067274149773,-0.056679222387899686,-0.015084330437055815,0.055364163119652865,-0.031134231027034498
0.0004283419577396086,-0.6092205200897357,-0.001882074814922266,-0.0011288526538340282,0.14560677028472796,-0.10245258638028154,-0.15477686657542133,0.002781279317239427,0.12538309868926056,-0.09926651656382127
0.004671287111878003,-0.6497584538442922,-0.0033849121903890868,-0.000554592838889062,0.024508942994271934,-0.04656944498593063,-0.04398606334993538,0.011408052599176544,0.11811129779150553,-0.07630988635387193
0.004571219753980754,-0.22285572037365498,-0.002230085913977869,0.0005372534687294317,-0.08503969306566275,0.030854104333672194,0.09035715146864809,0.0037425764063147016,0.10521198662277742,-0.007462439024984387
-0.000331875219757527,0.11805915285374224,-0.00046554368625313126,0.0006992496469704346,-0.06292569653290153,0.05482868104619393,0.0828383735206798,-0.005951534423269678,0.14821440156045496,0.0416881199236378
-0.004081859221042872,0.11583379608342412,0.0005373142576438478,-2.188815173506664e-05,0.025871240445968113,0.023191525975757493,-0.02206765320050441,-0.005366421617513828,0.2225952483958109,0.04486925365006045
-0.0025149729605933313,-0.012947269088228769,0.0006740001224201601,-0.0005296108614291639,0.05528122659959314,-0.010773589409297707,-0.07552763063037271,0.0001467815229034275,0.2602480270428027,0.021660184767837654
0.001563658375173943,0.0007668143698169178,0.0003096513048720436,-0.00026858684531044785,0.002006940279697708,-0.010392774837785584,-0.02413243632320028,-0.0006944894122588585,0.24800381766174562,0.005521293501717206
0.0027524994560082783,0.13066518540842242,-0.0001537475739460132,0.0002478689511670462,-0.049686595604153075,0.006382088214636594,0.05370525755312627,-0.008145892848434366,0.2471077757047092,0.012014623937953772
-0.00015787395778668611,0.1743991707313185,-0.00031072798116420393,0.00033229339403087477,-0.031160438435624604,0.003293840523812208,0.07046744709070019,-0.013152310519620403,0.31195241569711873,0.032939586035696994
-0.0038471376925962586,0.06047910858866873,8.393461394184433e-05,-4.9017623567348956e-06,0.02763140958835275,-0.019015292056233396,0.02646199432215135,-0.009915381531857947,0.4178288421450268,0.044296272105058626
-0.005301513633231392,-0.0831084471783552,0.0009602497042532354,-0.0002488329886031482,0.0452611079629304,-0.029296730718182062,-0.01673619406962701,-0.0006169150440356597,0.4814874324365599,0.011341545205444004
-0.004986973609410278,-0.11950491496937687,0.0019614223982992885,-0.0001302237134917228,-0.004006865579459173,-0.02035030981570657,-0.01451570871251584,0.008698809439089683,0.4412993056748977,-0.08362398160214946
-0.0063807882092458135,-0.059403015783047686,0.0024623360420017917,0.00011431650497936707,-0.05711760817432693,-0.01946865233464412,0.027962566273033285,0.01227103166582455,0.3127027298858208,-0.1825676610554256
-0.013382126361062618,-0.00981419408293735,0.0017767932597276305,0.00015798697310970278,-0.04304412378569164,-0.03408742643627094,0.0701784817836712,0.007249493495594395,0.17417649199991703,-0.15953334730730234
-0.024477289705700622,-0.026674445062739,-5.169413733163708e-05,2.8798831541720915e-07,0.026716339332537642,-0.02812910714266892,0.06177001352505446,-0.003848010871252694,0.10318278939336945,0.03184980294542
-0.027001088896483005,-0.06016580679166539,-0.0016999060182048623,-0.00011690793166566071,0.07293320971293177,0.019869333194833527,-0.015062079114594007,-0.013602664184398483,0.11961013065554527,0.23572679158450305
-0.005207636736395571,-0.03294618665048189,-0.0016419812750356581,-6.310735055969907e-05,0.045216706765051615,0.06838233200376453,-0.10289216608934759,-0.014346935299421049,0.18153106119384543,0.22953599633815258
0.036235656895837104,0.05846599014429234,-1.0842696002787144e-05,5.267496299399266e-05,-0.02154682478093023,0.059778326731460746,-0.1058282059966994,-0.004170753304569119,0.2298137971363956,0.00407606719034187
0.06357444393439102,0.13423044711099225,0.0014324070625026317,7.50992930576011e-05,-0.05264038164124259,-0.0033940890523037615,-0.004166819189376669,0.009628057321817762,0.23699265891372545,-0.2001626743602861
0.0453629811685165,0.11882635565571187,0.001467690312258997,1.3715137673619981e-06,-0.021279934455435523,-0.06109001514203513,0.10315321000804456,0.014706355391656767,0.21198423606546335,-0.1874036481611976
-0.006852766203151617,0.02501191817861359,0.0007066771537988237,-5.490903989774365e-05,0.022639500513127825,-0.062274215621059614,0.11177153177202265,0.005823635615381462,0.1647699811903336,-0.04049993986741959
-0.045158254583594404,-0.06104428307768184,0.0004202453056459804,-3.0556740572618146e-05,0.016515202144675778,-0.005668164080455507,0.03758830816937647,-0.007537299667959463,0.09544734529280774,0.02200028713661488
-0.03794702624383414,-0.07385329998461287,0.0009758922647062317,2.424722112551181e-05,-0.033072012853673755,0.07014040443336922,-0.016546414223067518,-0.010563624439800356,0.029243888572416665,-0.0494754853850618
-0.0030190747279572605,-0.030666704952204804,0.0018508822146630563,3.5686697801656786e-05,-0.056343653035714175,0.113119860040692,6.468588652980278e-05,-0.0004227286621970028,0.020022940725613392,-0.09555179423017651
0.01924857764850968,0.005041967203818387,0.002372511012160624,1.2324315384060203e-06,-0.013683795202154403,0.08694185917052503,0.03410410568686667,0.01038608277678632,0.0816547857500507,-0.0016926066243946047
0.013625420647316894,0.003015094689668929,0.0019126899128532777,-2.578008878462157e-05,0.04691140194132115,0.00047047131592502234,0.02097732794164403,0.00900269741387777,0.1450709209789327,0.13509884165364122
-0.0014022558987559497,-0.01038644066939487,3.185952847048132e-05,-1.478268418511619e-05,0.05138480126992315,-0.089877598224156,-0.021035784393086565,-0.003076565479465443,0.1259198186685695,0.15185379666490262
